-0.21252249863147357 0.45512674841864253 -0.8646929110668767 0.0046255187632170715 -0.036584823816827844 -0.8879931959119678 -0.45839899070606793 -0.05595209218175827 -0.9764710636991388 -0.06578546106795749 0.2053692646681807 0.5784229005465927
-0.21252249863147357 0.45512674841864253 -0.8646929110668767 0.0046255187632170715 -0.036584823816827844 -0.8879931959119678 -0.45839899070606793 -0.05595209218175827 -0.9764710636991388 -0.06578546106795749 0.2053692646681807 0.5784229005465927
-0.21252249863147357 0.45512674841864253 -0.8646929110668767 0.0046255187632170715 -0.036584823816827844 -0.8879931959119678 -0.45839899070606793 -0.05595209218175827 -0.9764710636991388 -0.06578546106795749 0.2053692646681807 0.5784229005465927
-0.21252249863147357 0.45512674841864253 -0.8646929110668767 0.0046255187632170715 -0.036584823816827844 -0.8879931959119678 -0.45839899070606793 -0.05595209218175827 -0.9764710636991388 -0.06578546106795749 0.2053692646681807 0.5784229005465927
-0.21252249863147357 0.45512674841864253 -0.8646929110668767 0.0046255187632170715 -0.036584823816827844 -0.8879931959119678 -0.45839899070606793 -0.05595209218175827 -0.9764710636991388 -0.06578546106795749 0.2053692646681807 0.5784229005465927
-0.21252249863147357 0.45512674841864253 -0.8646929110668767 0.0046255187632170715 -0.036584823816827844 -0.8879931959119678 -0.45839899070606793 -0.05595209218175827 -0.9764710636991388 -0.06578546106795749 0.2053692646681807 0.5784229005465927
-0.21252249863147357 0.45512674841864253 -0.8646929110668767 0.0046255187632170715 -0.036584823816827844 -0.8879931959119678 -0.45839899070606793 -0.05595209218175827 -0.9764710636991388 -0.06578546106795749 0.2053692646681807 0.5784229005465927
-0.21252249863147357 0.45512674841864253 -0.8646929110668767 0.0046255187632170715 -0.036584823816827844 -0.8879931959119678 -0.45839899070606793 -0.05595209218175827 -0.9764710636991388 -0.06578546106795749 0.2053692646681807 0.5784229005465927
-0.21252249863147357 0.45512674841864253 -0.8646929110668767 0.0046255187632170715 -0.036584823816827844 -0.8879931959119678 -0.45839899070606793 -0.05595209218175827 -0.9764710636991388 -0.06578546106795749 0.2053692646681807 0.5784229005465927
-0.21252249863147357 0.45512674841864253 -0.8646929110668767 0.0046255187632170715 -0.036584823816827844 -0.8879931959119678 -0.45839899070606793 -0.05595209218175827 -0.9764710636991388 -0.06578546106795749 0.2053692646681807 0.5784229005465927
-0.21252249863147357 0.45512674841864253 -0.8646929110668767 0.0046255187632170715 -0.036584823816827844 -0.8879931959119678 -0.45839899070606793 -0.05595209218175827 -0.9764710636991388 -0.06578546106795749 0.2053692646681807 0.5784229005465927
-0.21252249863147357 0.45512674841864253 -0.8646929110668767 0.0046255187632170715 -0.036584823816827844 -0.8879931959119678 -0.45839899070606793 -0.05595209218175827 -0.9764710636991388 -0.06578546106795749 0.2053692646681807 0.5784229005465927
-0.21252249863147357 0.45512674841864253 -0.8646929110668767 0.0046255187632170715 -0.036584823816827844 -0.8879931959119678 -0.45839899070606793 -0.05595209218175827 -0.9764710636991388 -0.06578546106795749 0.2053692646681807 0.5784229005465927
-0.21252249863147357 0.45512674841864253 -0.8646929110668767 0.0046255187632170715 -0.036584823816827844 -0.8879931959119678 -0.45839899070606793 -0.05595209218175827 -0.9764710636991388 -0.06578546106795749 0.2053692646681807 0.5784229005465927
-0.21252249863147357 0.45512674841864253 -0.8646929110668767 0.0046255187632170715 -0.036584823816827844 -0.8879931959119678 -0.45839899070606793 -0.05595209218175827 -0.9764710636991388 -0.06578546106795749 0.2053692646681807 0.5784229005465927
-0.21252249863147357 0.45512674841864253 -0.8646929110668767 0.0046255187632170715 -0.036584823816827844 -0.8879931959119678 -0.45839899070606793 -0.05595209218175827 -0.9764710636991388 -0.06578546106795749 0.2053692646681807 0.5784229005465927
-0.21252249863147357 0.45512674841864253 -0.8646929110668767 0.0046255187632170715 -0.036584823816827844 -0.8879931959119678 -0.45839899070606793 -0.05595209218175827 -0.9764710636991388 -0.06578546106795749 0.2053692646681807 0.5784229005465927
-0.21252249863147357 0.45512674841864253 -0.8646929110668767 0.0046255187632170715 -0.036584823816827844 -0.8879931959119678 -0.45839899070606793 -0.05595209218175827 -0.9764710636991388 -0.06578546106795749 0.2053692646681807 0.5784229005465927
-0.21252249863147357 0.45512674841864253 -0.8646929110668767 0.0046255187632170715 -0.036584823816827844 -0.8879931959119678 -0.45839899070606793 -0.05595209218175827 -0.9764710636991388 -0.06578546106795749 0.2053692646681807 0.5784229005465927
-0.21252249863147357 0.45512674841864253 -0.8646929110668767 0.0046255187632170715 -0.036584823816827844 -0.8879931959119678 -0.45839899070606793 -0.05595209218175827 -0.9764710636991388 -0.06578546106795749 0.2053692646681807 0.5784229005465927
-0.21252249863147357 0.45512674841864253 -0.8646929110668767 0.0046255187632170715 -0.036584823816827844 -0.8879931959119678 -0.45839899070606793 -0.05595209218175827 -0.9764710636991388 -0.06578546106795749 0.2053692646681807 0.5784229005465927
-0.21252249863147357 0.45512674841864253 -0.8646929110668767 0.0046255187632170715 -0.036584823816827844 -0.8879931959119678 -0.45839899070606793 -0.05595209218175827 -0.9764710636991388 -0.06578546106795749 0.2053692646681807 0.5784229005465927
-0.21252249863147357 0.45512674841864253 -0.8646929110668767 0.0046255187632170715 -0.036584823816827844 -0.8879931959119678 -0.45839899070606793 -0.05595209218175827 -0.9764710636991388 -0.06578546106795749 0.2053692646681807 0.5784229005465927
-0.21252249863147357 0.45512674841864253 -0.8646929110668767 0.0046255187632170715 -0.036584823816827844 -0.8879931959119678 -0.45839899070606793 -0.05595209218175827 -0.9764710636991388 -0.06578546106795749 0.2053692646681807 0.5784229005465927
-0.21252249863147357 0.45512674841864253 -0.8646929110668767 0.0046255187632170715 -0.036584823816827844 -0.8879931959119678 -0.45839899070606793 -0.05595209218175827 -0.9764710636991388 -0.06578546106795749 0.2053692646681807 0.5784229005465927
-0.21252249863147357 0.45512674841864253 -0.8646929110668767 0.0046255187632170715 -0.036584823816827844 -0.8879931959119678 -0.45839899070606793 -0.05595209218175827 -0.9764710636991388 -0.06578546106795749 0.2053692646681807 0.5784229005465927
-0.21252249863147357 0.45512674841864253 -0.8646929110668767 0.0046255187632170715 -0.036584823816827844 -0.8879931959119678 -0.45839899070606793 -0.05595209218175827 -0.9764710636991388 -0.06578546106795749 0.2053692646681807 0.5784229005465927
-0.21252249863147357 0.45512674841864253 -0.8646929110668767 0.0046255187632170715 -0.036584823816827844 -0.8879931959119678 -0.45839899070606793 -0.05595209218175827 -0.9764710636991388 -0.06578546106795749 0.2053692646681807 0.5784229005465927
-0.21252249863147357 0.45512674841864253 -0.8646929110668767 0.0046255187632170715 -0.036584823816827844 -0.8879931959119678 -0.45839899070606793 -0.05595209218175827 -0.9764710636991388 -0.06578546106795749 0.2053692646681807 0.5784229005465927
-0.21252249863147357 0.45512674841864253 -0.8646929110668767 0.0046255187632170715 -0.036584823816827844 -0.8879931959119678 -0.45839899070606793 -0.05595209218175827 -0.9764710636991388 -0.06578546106795749 0.2053692646681807 0.5784229005465927
-0.21252249863147357 0.45512674841864253 -0.8646929110668767 0.0046255187632170715 -0.036584823816827844 -0.8879931959119678 -0.45839899070606793 -0.05595209218175827 -0.9764710636991388 -0.06578546106795749 0.2053692646681807 0.5784229005465927
-0.21252249863147357 0.45512674841864253 -0.8646929110668767 0.0046255187632170715 -0.036584823816827844 -0.8879931959119678 -0.45839899070606793 -0.05595209218175827 -0.9764710636991388 -0.06578546106795749 0.2053692646681807 0.5784229005465927
-0.21252249863147357 0.45512674841864253 -0.8646929110668767 0.0046255187632170715 -0.036584823816827844 -0.8879931959119678 -0.45839899070606793 -0.05595209218175827 -0.9764710636991388 -0.06578546106795749 0.2053692646681807 0.5784229005465927
-0.21252249863147357 0.45512674841864253 -0.8646929110668767 0.0046255187632170715 -0.036584823816827844 -0.8879931959119678 -0.45839899070606793 -0.05595209218175827 -0.9764710636991388 -0.06578546106795749 0.2053692646681807 0.5784229005465927
-0.21252249863147357 0.45512674841864253 -0.8646929110668767 0.0046255187632170715 -0.036584823816827844 -0.8879931959119678 -0.45839899070606793 -0.05595209218175827 -0.9764710636991388 -0.06578546106795749 0.2053692646681807 0.5784229005465927
-0.21252249863147357 0.45512674841864253 -0.8646929110668767 0.0046255187632170715 -0.036584823816827844 -0.8879931959119678 -0.45839899070606793 -0.05595209218175827 -0.9764710636991388 -0.06578546106795749 0.2053692646681807 0.5784229005465927
-0.21252249863147357 0.45512674841864253 -0.8646929110668767 0.0046255187632170715 -0.036584823816827844 -0.8879931959119678 -0.45839899070606793 -0.05595209218175827 -0.9764710636991388 -0.06578546106795749 0.2053692646681807 0.5784229005465927
-0.21252249863147357 0.45512674841864253 -0.8646929110668767 0.0046255187632170715 -0.036584823816827844 -0.8879931959119678 -0.45839899070606793 -0.05595209218175827 -0.9764710636991388 -0.06578546106795749 0.2053692646681807 0.5784229005465927
-0.21252249863147357 0.45512674841864253 -0.8646929110668767 0.0046255187632170715 -0.036584823816827844 -0.8879931959119678 -0.45839899070606793 -0.05595209218175827 -0.9764710636991388 -0.06578546106795749 0.2053692646681807 0.5784229005465927
-0.21252249863147357 0.45512674841864253 -0.8646929110668767 0.0046255187632170715 -0.036584823816827844 -0.8879931959119678 -0.45839899070606793 -0.05595209218175827 -0.9764710636991388 -0.06578546106795749 0.2053692646681807 0.5784229005465927
-0.21252249863147357 0.45512674841864253 -0.8646929110668767 0.0046255187632170715 -0.036584823816827844 -0.8879931959119678 -0.45839899070606793 -0.05595209218175827 -0.9764710636991388 -0.06578546106795749 0.2053692646681807 0.5784229005465927
-0.21252249863147357 0.45512674841864253 -0.8646929110668767 0.0046255187632170715 -0.036584823816827844 -0.8879931959119678 -0.45839899070606793 -0.05595209218175827 -0.9764710636991388 -0.06578546106795749 0.2053692646681807 0.5784229005465927
-0.21252249863147357 0.45512674841864253 -0.8646929110668767 0.0046255187632170715 -0.036584823816827844 -0.8879931959119678 -0.45839899070606793 -0.05595209218175827 -0.9764710636991388 -0.06578546106795749 0.2053692646681807 0.5784229005465927
-0.21252249863147357 0.45512674841864253 -0.8646929110668767 0.0046255187632170715 -0.036584823816827844 -0.8879931959119678 -0.45839899070606793 -0.05595209218175827 -0.9764710636991388 -0.06578546106795749 0.2053692646681807 0.5784229005465927
-0.21252249863147357 0.45512674841864253 -0.8646929110668767 0.0046255187632170715 -0.036584823816827844 -0.8879931959119678 -0.45839899070606793 -0.05595209218175827 -0.9764710636991388 -0.06578546106795749 0.2053692646681807 0.5784229005465927
-0.21252249863147357 0.45512674841864253 -0.8646929110668767 0.0046255187632170715 -0.036584823816827844 -0.8879931959119678 -0.45839899070606793 -0.05595209218175827 -0.9764710636991388 -0.06578546106795749 0.2053692646681807 0.5784229005465927
-0.21252249863147357 0.45512674841864253 -0.8646929110668767 0.0046255187632170715 -0.036584823816827844 -0.8879931959119678 -0.45839899070606793 -0.05595209218175827 -0.9764710636991388 -0.06578546106795749 0.2053692646681807 0.5784229005465927
-0.21252249863147357 0.45512674841864253 -0.8646929110668767 0.0046255187632170715 -0.036584823816827844 -0.8879931959119678 -0.45839899070606793 -0.05595209218175827 -0.9764710636991388 -0.06578546106795749 0.2053692646681807 0.5784229005465927
-0.21252249863147357 0.45512674841864253 -0.8646929110668767 0.0046255187632170715 -0.036584823816827844 -0.8879931959119678 -0.45839899070606793 -0.05595209218175827 -0.9764710636991388 -0.06578546106795749 0.2053692646681807 0.5784229005465927
-0.21252249863147357 0.45512674841864253 -0.8646929110668767 0.0046255187632170715 -0.036584823816827844 -0.8879931959119678 -0.45839899070606793 -0.05595209218175827 -0.9764710636991388 -0.06578546106795749 0.2053692646681807 0.5784229005465927
-0.21252249863147357 0.45512674841864253 -0.8646929110668767 0.0046255187632170715 -0.036584823816827844 -0.8879931959119678 -0.45839899070606793 -0.05595209218175827 -0.9764710636991388 -0.06578546106795749 0.2053692646681807 0.5784229005465927
-0.21252249863147357 0.45512674841864253 -0.8646929110668767 0.0046255187632170715 -0.036584823816827844 -0.8879931959119678 -0.45839899070606793 -0.05595209218175827 -0.9764710636991388 -0.06578546106795749 0.2053692646681807 0.5784229005465927
-0.21252249863147357 0.45512674841864253 -0.8646929110668767 0.0046255187632170715 -0.036584823816827844 -0.8879931959119678 -0.45839899070606793 -0.05595209218175827 -0.9764710636991388 -0.06578546106795749 0.2053692646681807 0.5784229005465927
-0.21252249863147357 0.45512674841864253 -0.8646929110668767 0.0046255187632170715 -0.036584823816827844 -0.8879931959119678 -0.45839899070606793 -0.05595209218175827 -0.9764710636991388 -0.06578546106795749 0.2053692646681807 0.5784229005465927
-0.21252249863147357 0.45512674841864253 -0.8646929110668767 0.0046255187632170715 -0.036584823816827844 -0.8879931959119678 -0.45839899070606793 -0.05595209218175827 -0.9764710636991388 -0.06578546106795749 0.2053692646681807 0.5784229005465927
-0.21252249863147357 0.45512674841864253 -0.8646929110668767 0.0046255187632170715 -0.036584823816827844 -0.8879931959119678 -0.45839899070606793 -0.05595209218175827 -0.9764710636991388 -0.06578546106795749 0.2053692646681807 0.5784229005465927
-0.21252249863147357 0.45512674841864253 -0.8646929110668767 0.0046255187632170715 -0.036584823816827844 -0.8879931959119678 -0.45839899070606793 -0.05595209218175827 -0.9764710636991388 -0.06578546106795749 0.2053692646681807 0.5784229005465927
-0.21252249863147357 0.45512674841864253 -0.8646929110668767 0.0046255187632170715 -0.036584823816827844 -0.8879931959119678 -0.45839899070606793 -0.05595209218175827 -0.9764710636991388 -0.06578546106795749 0.2053692646681807 0.5784229005465927
-0.21252249863147357 0.45512674841864253 -0.8646929110668767 0.0046255187632170715 -0.036584823816827844 -0.8879931959119678 -0.45839899070606793 -0.05595209218175827 -0.9764710636991388 -0.06578546106795749 0.2053692646681807 0.5784229005465927
-0.21252249863147357 0.45512674841864253 -0.8646929110668767 0.0046255187632170715 -0.036584823816827844 -0.8879931959119678 -0.45839899070606793 -0.05595209218175827 -0.9764710636991388 -0.06578546106795749 0.2053692646681807 0.5784229005465927
-0.21252249863147357 0.45512674841864253 -0.8646929110668767 0.0046255187632170715 -0.036584823816827844 -0.8879931959119678 -0.45839899070606793 -0.05595209218175827 -0.9764710636991388 -0.06578546106795749 0.2053692646681807 0.5784229005465927
-0.21252249863147357 0.45512674841864253 -0.8646929110668767 0.0046255187632170715 -0.036584823816827844 -0.8879931959119678 -0.45839899070606793 -0.05595209218175827 -0.9764710636991388 -0.06578546106795749 0.2053692646681807 0.5784229005465927
-0.21252249863147357 0.45512674841864253 -0.8646929110668767 0.0046255187632170715 -0.036584823816827844 -0.8879931959119678 -0.45839899070606793 -0.05595209218175827 -0.9764710636991388 -0.06578546106795749 0.2053692646681807 0.5784229005465927
-0.21252249863147357 0.45512674841864253 -0.8646929110668767 0.0046255187632170715 -0.036584823816827844 -0.8879931959119678 -0.45839899070606793 -0.05595209218175827 -0.9764710636991388 -0.06578546106795749 0.2053692646681807 0.5784229005465927
-0.21252249863147357 0.45512674841864253 -0.8646929110668767 0.0046255187632170715 -0.036584823816827844 -0.8879931959119678 -0.45839899070606793 -0.05595209218175827 -0.9764710636991388 -0.06578546106795749 0.2053692646681807 0.5784229005465927
-0.21252249863147357 0.45512674841864253 -0.8646929110668767 0.0046255187632170715 -0.036584823816827844 -0.8879931959119678 -0.45839899070606793 -0.05595209218175827 -0.9764710636991388 -0.06578546106795749 0.2053692646681807 0.5784229005465927
-0.21252249863147357 0.45512674841864253 -0.8646929110668767 0.0046255187632170715 -0.036584823816827844 -0.8879931959119678 -0.45839899070606793 -0.05595209218175827 -0.9764710636991388 -0.06578546106795749 0.2053692646681807 0.5784229005465927
-0.21252249863147357 0.45512674841864253 -0.8646929110668767 0.0046255187632170715 -0.036584823816827844 -0.8879931959119678 -0.45839899070606793 -0.05595209218175827 -0.9764710636991388 -0.06578546106795749 0.2053692646681807 0.5784229005465927
-0.21252249863147357 0.45512674841864253 -0.8646929110668767 0.0046255187632170715 -0.036584823816827844 -0.8879931959119678 -0.45839899070606793 -0.05595209218175827 -0.9764710636991388 -0.06578546106795749 0.2053692646681807 0.5784229005465927
-0.21252249863147357 0.45512674841864253 -0.8646929110668767 0.0046255187632170715 -0.036584823816827844 -0.8879931959119678 -0.45839899070606793 -0.05595209218175827 -0.9764710636991388 -0.06578546106795749 0.2053692646681807 0.5784229005465927
-0.21252249863147357 0.45512674841864253 -0.8646929110668767 0.0046255187632170715 -0.036584823816827844 -0.8879931959119678 -0.45839899070606793 -0.05595209218175827 -0.9764710636991388 -0.06578546106795749 0.2053692646681807 0.5784229005465927
-0.21252249863147357 0.45512674841864253 -0.8646929110668767 0.0046255187632170715 -0.036584823816827844 -0.8879931959119678 -0.45839899070606793 -0.05595209218175827 -0.9764710636991388 -0.06578546106795749 0.2053692646681807 0.5784229005465927
-0.21252249863147357 0.45512674841864253 -0.8646929110668767 0.0046255187632170715 -0.036584823816827844 -0.8879931959119678 -0.45839899070606793 -0.05595209218175827 -0.9764710636991388 -0.06578546106795749 0.2053692646681807 0.5784229005465927
-0.21252249863147357 0.45512674841864253 -0.8646929110668767 0.0046255187632170715 -0.036584823816827844 -0.8879931959119678 -0.45839899070606793 -0.05595209218175827 -0.9764710636991388 -0.06578546106795749 0.2053692646681807 0.5784229005465927
-0.21252249863147357 0.45512674841864253 -0.8646929110668767 0.0046255187632170715 -0.036584823816827844 -0.8879931959119678 -0.45839899070606793 -0.05595209218175827 -0.9764710636991388 -0.06578546106795749 0.2053692646681807 0.5784229005465927
-0.21252249863147357 0.45512674841864253 -0.8646929110668767 0.0046255187632170715 -0.036584823816827844 -0.8879931959119678 -0.45839899070606793 -0.05595209218175827 -0.9764710636991388 -0.06578546106795749 0.2053692646681807 0.5784229005465927
-0.21252249863147357 0.45512674841864253 -0.8646929110668767 0.0046255187632170715 -0.036584823816827844 -0.8879931959119678 -0.45839899070606793 -0.05595209218175827 -0.9764710636991388 -0.06578546106795749 0.2053692646681807 0.5784229005465927
-0.21252249863147357 0.45512674841864253 -0.8646929110668767 0.0046255187632170715 -0.036584823816827844 -0.8879931959119678 -0.45839899070606793 -0.05595209218175827 -0.9764710636991388 -0.06578546106795749 0.2053692646681807 0.5784229005465927
-0.21252249863147357 0.45512674841864253 -0.8646929110668767 0.0046255187632170715 -0.036584823816827844 -0.8879931959119678 -0.45839899070606793 -0.05595209218175827 -0.9764710636991388 -0.06578546106795749 0.2053692646681807 0.5784229005465927
-0.21252249863147357 0.45512674841864253 -0.8646929110668767 0.0046255187632170715 -0.036584823816827844 -0.8879931959119678 -0.45839899070606793 -0.05595209218175827 -0.9764710636991388 -0.06578546106795749 0.2053692646681807 0.5784229005465927
-0.21252249863147357 0.45512674841864253 -0.8646929110668767 0.0046255187632170715 -0.036584823816827844 -0.8879931959119678 -0.45839899070606793 -0.05595209218175827 -0.9764710636991388 -0.06578546106795749 0.2053692646681807 0.5784229005465927
-0.21252249863147357 0.45512674841864253 -0.8646929110668767 0.0046255187632170715 -0.036584823816827844 -0.8879931959119678 -0.45839899070606793 -0.05595209218175827 -0.9764710636991388 -0.06578546106795749 0.2053692646681807 0.5784229005465927
-0.21252249863147357 0.45512674841864253 -0.8646929110668767 0.0046255187632170715 -0.036584823816827844 -0.8879931959119678 -0.45839899070606793 -0.05595209218175827 -0.9764710636991388 -0.06578546106795749 0.2053692646681807 0.5784229005465927
-0.21252249863147357 0.45512674841864253 -0.8646929110668767 0.0046255187632170715 -0.036584823816827844 -0.8879931959119678 -0.45839899070606793 -0.05595209218175827 -0.9764710636991388 -0.06578546106795749 0.2053692646681807 0.5784229005465927
-0.21252249863147357 0.45512674841864253 -0.8646929110668767 0.0046255187632170715 -0.036584823816827844 -0.8879931959119678 -0.45839899070606793 -0.05595209218175827 -0.9764710636991388 -0.06578546106795749 0.2053692646681807 0.5784229005465927
-0.21252249863147357 0.45512674841864253 -0.8646929110668767 0.0046255187632170715 -0.036584823816827844 -0.8879931959119678 -0.45839899070606793 -0.05595209218175827 -0.9764710636991388 -0.06578546106795749 0.2053692646681807 0.5784229005465927
-0.21252249863147357 0.45512674841864253 -0.8646929110668767 0.0046255187632170715 -0.036584823816827844 -0.8879931959119678 -0.45839899070606793 -0.05595209218175827 -0.9764710636991388 -0.06578546106795749 0.2053692646681807 0.5784229005465927
-0.21252249863147357 0.45512674841864253 -0.8646929110668767 0.0046255187632170715 -0.036584823816827844 -0.8879931959119678 -0.45839899070606793 -0.05595209218175827 -0.9764710636991388 -0.06578546106795749 0.2053692646681807 0.5784229005465927
-0.21252249863147357 0.45512674841864253 -0.8646929110668767 0.0046255187632170715 -0.036584823816827844 -0.8879931959119678 -0.45839899070606793 -0.05595209218175827 -0.9764710636991388 -0.06578546106795749 0.2053692646681807 0.5784229005465927
-0.21252249863147357 0.45512674841864253 -0.8646929110668767 0.0046255187632170715 -0.036584823816827844 -0.8879931959119678 -0.45839899070606793 -0.05595209218175827 -0.9764710636991388 -0.06578546106795749 0.2053692646681807 0.5784229005465927
-0.21252249863147357 0.45512674841864253 -0.8646929110668767 0.0046255187632170715 -0.036584823816827844 -0.8879931959119678 -0.45839899070606793 -0.05595209218175827 -0.9764710636991388 -0.06578546106795749 0.2053692646681807 0.5784229005465927
-0.21252249863147357 0.45512674841864253 -0.8646929110668767 0.0046255187632170715 -0.036584823816827844 -0.8879931959119678 -0.45839899070606793 -0.05595209218175827 -0.9764710636991388 -0.06578546106795749 0.2053692646681807 0.5784229005465927
-0.21252249863147357 0.45512674841864253 -0.8646929110668767 0.0046255187632170715 -0.036584823816827844 -0.8879931959119678 -0.45839899070606793 -0.05595209218175827 -0.9764710636991388 -0.06578546106795749 0.2053692646681807 0.5784229005465927
-0.21298111926815014 0.4548920868893659 -0.8647035515832715 0.0034135991341711306 -0.036687409583931296 -0.8881080948691777 -0.45816814141301937 -0.05618700037718381 -0.9763672858168215 -0.06585743020553742 0.20583906838454133 0.5786943667541612
-0.21298111926815014 0.4548920868893659 -0.8647035515832715 0.0034135991341711306 -0.036687409583931296 -0.8881080948691777 -0.45816814141301937 -0.05618700037718381 -0.9763672858168215 -0.06585743020553742 0.20583906838454133 0.5786943667541612
-0.21298111926815014 0.4548920868893659 -0.8647035515832715 0.0034135991341711306 -0.036687409583931296 -0.8881080948691777 -0.45816814141301937 -0.05618700037718381 -0.9763672858168215 -0.06585743020553742 0.20583906838454133 0.5786943667541612
-0.21298111926815014 0.4548920868893659 -0.8647035515832715 0.0034135991341711306 -0.036687409583931296 -0.8881080948691777 -0.45816814141301937 -0.05618700037718381 -0.9763672858168215 -0.06585743020553742 0.20583906838454133 0.5786943667541612
-0.21298111926815014 0.4548920868893659 -0.8647035515832715 0.0034135991341711306 -0.036687409583931296 -0.8881080948691777 -0.45816814141301937 -0.05618700037718381 -0.9763672858168215 -0.06585743020553742 0.20583906838454133 0.5786943667541612
-0.21298111926815014 0.4548920868893659 -0.8647035515832715 0.0034135991341711306 -0.036687409583931296 -0.8881080948691777 -0.45816814141301937 -0.05618700037718381 -0.9763672858168215 -0.06585743020553742 0.20583906838454133 0.5786943667541612
-0.21298111926815014 0.4548920868893659 -0.8647035515832715 0.0034135991341711306 -0.036687409583931296 -0.8881080948691777 -0.45816814141301937 -0.05618700037718381 -0.9763672858168215 -0.06585743020553742 0.20583906838454133 0.5786943667541612
-0.21298111926815014 0.4548920868893659 -0.8647035515832715 0.0034135991341711306 -0.036687409583931296 -0.8881080948691777 -0.45816814141301937 -0.05618700037718381 -0.9763672858168215 -0.06585743020553742 0.20583906838454133 0.5786943667541612
-0.21298111926815014 0.4548920868893659 -0.8647035515832715 0.0034135991341711306 -0.036687409583931296 -0.8881080948691777 -0.45816814141301937 -0.05618700037718381 -0.9763672858168215 -0.06585743020553742 0.20583906838454133 0.5786943667541612
-0.21298111926815014 0.4548920868893659 -0.8647035515832715 0.0034135991341711306 -0.036687409583931296 -0.8881080948691777 -0.45816814141301937 -0.05618700037718381 -0.9763672858168215 -0.06585743020553742 0.20583906838454133 0.5786943667541612
-0.21298111926815014 0.4548920868893659 -0.8647035515832715 0.0034135991341711306 -0.036687409583931296 -0.8881080948691777 -0.45816814141301937 -0.05618700037718381 -0.9763672858168215 -0.06585743020553742 0.20583906838454133 0.5786943667541612
-0.21335281694173447 0.4553619823254025 -0.8643645299037362 0.001453785099512188 -0.036835093434972516 -0.887855603100413 -0.45864540108327606 -0.05659533709219928 -0.9762805700179965 -0.06601434007760837 0.20619979512466613 0.5791334784398394
-0.21335281694173447 0.4553619823254025 -0.8643645299037362 0.001453785099512188 -0.036835093434972516 -0.887855603100413 -0.45864540108327606 -0.05659533709219928 -0.9762805700179965 -0.06601434007760837 0.20619979512466613 0.5791334784398394
-0.21335281694173447 0.4553619823254025 -0.8643645299037362 0.001453785099512188 -0.036835093434972516 -0.887855603100413 -0.45864540108327606 -0.05659533709219928 -0.9762805700179965 -0.06601434007760837 0.20619979512466613 0.5791334784398394
-0.21335281694173447 0.4553619823254025 -0.8643645299037362 0.001453785099512188 -0.036835093434972516 -0.887855603100413 -0.45864540108327606 -0.05659533709219928 -0.9762805700179965 -0.06601434007760837 0.20619979512466613 0.5791334784398394
-0.21335281694173447 0.4553619823254025 -0.8643645299037362 0.001453785099512188 -0.036835093434972516 -0.887855603100413 -0.45864540108327606 -0.05659533709219928 -0.9762805700179965 -0.06601434007760837 0.20619979512466613 0.5791334784398394
-0.21335281694173447 0.4553619823254025 -0.8643645299037362 0.001453785099512188 -0.036835093434972516 -0.887855603100413 -0.45864540108327606 -0.05659533709219928 -0.9762805700179965 -0.06601434007760837 0.20619979512466613 0.5791334784398394
-0.21335281694173447 0.4553619823254025 -0.8643645299037362 0.001453785099512188 -0.036835093434972516 -0.887855603100413 -0.45864540108327606 -0.05659533709219928 -0.9762805700179965 -0.06601434007760837 0.20619979512466613 0.5791334784398394
-0.21335281694173447 0.4553619823254025 -0.8643645299037362 0.001453785099512188 -0.036835093434972516 -0.887855603100413 -0.45864540108327606 -0.05659533709219928 -0.9762805700179965 -0.06601434007760837 0.20619979512466613 0.5791334784398394
-0.21335281694173447 0.4553619823254025 -0.8643645299037362 0.001453785099512188 -0.036835093434972516 -0.887855603100413 -0.45864540108327606 -0.05659533709219928 -0.9762805700179965 -0.06601434007760837 0.20619979512466613 0.5791334784398394
-0.21335281694173447 0.4553619823254025 -0.8643645299037362 0.001453785099512188 -0.036835093434972516 -0.887855603100413 -0.45864540108327606 -0.05659533709219928 -0.9762805700179965 -0.06601434007760837 0.20619979512466613 0.5791334784398394
-0.21346607787022553 0.45596109308970134 -0.864020668263872 -0.0006092536236804473 -0.03788139286928338 -0.8876038070031034 -0.45904736342547603 -0.05702295442934174 -0.9762157720878035 -0.06526073384541986 0.20674574468407192 0.5795807953220404
-0.21346607787022553 0.45596109308970134 -0.864020668263872 -0.0006092536236804473 -0.03788139286928338 -0.8876038070031034 -0.45904736342547603 -0.05702295442934174 -0.9762157720878035 -0.06526073384541986 0.20674574468407192 0.5795807953220404
-0.21346607787022553 0.45596109308970134 -0.864020668263872 -0.0006092536236804473 -0.03788139286928338 -0.8876038070031034 -0.45904736342547603 -0.05702295442934174 -0.9762157720878035 -0.06526073384541986 0.20674574468407192 0.5795807953220404
-0.21346607787022553 0.45596109308970134 -0.864020668263872 -0.0006092536236804473 -0.03788139286928338 -0.8876038070031034 -0.45904736342547603 -0.05702295442934174 -0.9762157720878035 -0.06526073384541986 0.20674574468407192 0.5795807953220404
-0.21346607787022553 0.45596109308970134 -0.864020668263872 -0.0006092536236804473 -0.03788139286928338 -0.8876038070031034 -0.45904736342547603 -0.05702295442934174 -0.9762157720878035 -0.06526073384541986 0.20674574468407192 0.5795807953220404
-0.21346607787022553 0.45596109308970134 -0.864020668263872 -0.0006092536236804473 -0.03788139286928338 -0.8876038070031034 -0.45904736342547603 -0.05702295442934174 -0.9762157720878035 -0.06526073384541986 0.20674574468407192 0.5795807953220404
-0.21346607787022553 0.45596109308970134 -0.864020668263872 -0.0006092536236804473 -0.03788139286928338 -0.8876038070031034 -0.45904736342547603 -0.05702295442934174 -0.9762157720878035 -0.06526073384541986 0.20674574468407192 0.5795807953220404
-0.21346607787022553 0.45596109308970134 -0.864020668263872 -0.0006092536236804473 -0.03788139286928338 -0.8876038070031034 -0.45904736342547603 -0.05702295442934174 -0.9762157720878035 -0.06526073384541986 0.20674574468407192 0.5795807953220404
-0.21460786984362223 0.456552362045072 -0.8634253893141253 -0.002886747038706306 -0.038011182038340724 -0.8872572718866971 -0.45970608384512823 -0.05749380239885693 -0.9759603538265431 -0.06583672375841212 0.20776648806659725 0.580091748158137
-0.21460786984362223 0.456552362045072 -0.8634253893141253 -0.002886747038706306 -0.038011182038340724 -0.8872572718866971 -0.45970608384512823 -0.05749380239885693 -0.9759603538265431 -0.06583672375841212 0.20776648806659725 0.580091748158137
-0.21460786984362223 0.456552362045072 -0.8634253893141253 -0.002886747038706306 -0.038011182038340724 -0.8872572718866971 -0.45970608384512823 -0.05749380239885693 -0.9759603538265431 -0.06583672375841212 0.20776648806659725 0.580091748158137
-0.21443039088019636 0.4564402348417538 -0.8635287600795768 -0.003946745556737064 -0.03853600668628407 -0.8873585402863171 -0.4594668618840879 -0.057693776558715354 -0.9759787823798433 -0.065246708718077 0.2078660225862263 0.5803184929383386
-0.21443039088019636 0.4564402348417538 -0.8635287600795768 -0.003946745556737064 -0.03853600668628407 -0.8873585402863171 -0.4594668618840879 -0.057693776558715354 -0.9759787823798433 -0.065246708718077 0.2078660225862263 0.5803184929383386
-0.21443039088019636 0.4564402348417538 -0.8635287600795768 -0.003946745556737064 -0.03853600668628407 -0.8873585402863171 -0.4594668618840879 -0.057693776558715354 -0.9759787823798433 -0.065246708718077 0.2078660225862263 0.5803184929383386
-0.21443039088019636 0.4564402348417538 -0.8635287600795768 -0.003946745556737064 -0.03853600668628407 -0.8873585402863171 -0.4594668618840879 -0.057693776558715354 -0.9759787823798433 -0.065246708718077 0.2078660225862263 0.5803184929383386
-0.21443039088019636 0.4564402348417538 -0.8635287600795768 -0.003946745556737064 -0.03853600668628407 -0.8873585402863171 -0.4594668618840879 -0.057693776558715354 -0.9759787823798433 -0.065246708718077 0.2078660225862263 0.5803184929383386
-0.21443039088019636 0.4564402348417538 -0.8635287600795768 -0.003946745556737064 -0.03853600668628407 -0.8873585402863171 -0.4594668618840879 -0.057693776558715354 -0.9759787823798433 -0.065246708718077 0.2078660225862263 0.5803184929383386
-0.21443039088019636 0.4564402348417538 -0.8635287600795768 -0.003946745556737064 -0.03853600668628407 -0.8873585402863171 -0.4594668618840879 -0.057693776558715354 -0.9759787823798433 -0.065246708718077 0.2078660225862263 0.5803184929383386
-0.2160255145090877 0.4551473104791993 -0.863813581072117 -0.006470464054424798 -0.03565701484670222 -0.8877908437967755 -0.45886380873068544 -0.058193056393294335 -0.9757364164431426 -0.06832527668557445 0.20801466821484893 0.580948864215823
-0.2160255145090877 0.4551473104791993 -0.863813581072117 -0.006470464054424798 -0.03565701484670222 -0.8877908437967755 -0.45886380873068544 -0.058193056393294335 -0.9757364164431426 -0.06832527668557445 0.20801466821484893 0.580948864215823
-0.2160255145090877 0.4551473104791993 -0.863813581072117 -0.006470464054424798 -0.03565701484670222 -0.8877908437967755 -0.45886380873068544 -0.058193056393294335 -0.9757364164431426 -0.06832527668557445 0.20801466821484893 0.580948864215823
-0.2160255145090877 0.4551473104791993 -0.863813581072117 -0.006470464054424798 -0.03565701484670222 -0.8877908437967755 -0.45886380873068544 -0.058193056393294335 -0.9757364164431426 -0.06832527668557445 0.20801466821484893 0.580948864215823
-0.2160255145090877 0.4551473104791993 -0.863813581072117 -0.006470464054424798 -0.03565701484670222 -0.8877908437967755 -0.45886380873068544 -0.058193056393294335 -0.9757364164431426 -0.06832527668557445 0.20801466821484893 0.580948864215823
-0.21611316545752657 0.45513251715813813 -0.8637994509961353 -0.008310977589282603 -0.03569699339134247 -0.8877982411318128 -0.4588463879187433 -0.0585679636921974 -0.9757155448073718 -0.06832770205821748 0.20811175063579967 0.5813466412954619
-0.21605731108710663 0.45494905892147086 -0.8639100601985588 -0.008681586935195898 -0.03494654787089682 -0.887844983806327 -0.45881371331058773 -0.05865297813175567 -0.9757550804980297 -0.06893938291289792 0.20772429892978933 0.5814572689002968
-0.21643680614820332 0.45491556247662196 -0.8638327036880136 -0.00905708411011313 -0.03430517668347105 -0.8878028903002997 -0.4589435508067954 -0.058728096948003274 -0.9756937346304324 -0.0696983428139607 0.20775918081256178 0.5815540175790301
-0.2166648908453083 0.45477187539572816 -0.8638511830309912 -0.009445124785967351 -0.033597625354860466 -0.8878197237860735 -0.4589633292834349 -0.05880769452722452 -0.9756677327069421 -0.07041789123136649 0.20763861863589436 0.5816506639629768
-0.21667897498204836 0.45462527038554335 -0.8639248146265975 -0.009834524728767814 -0.033212326865784375 -0.8878691925657867 -0.4588956724972887 -0.05889013396127683 -0.9756777967878995 -0.07074009060956954 0.20748174964478383 0.5817613240517119
-0.21695109666919807 0.45440686337228015 -0.8639714255542241 -0.010228887579721197 -0.033331728465417265 -0.8879833531483068 -0.4586660663369345 -0.058974934044250374 -0.9756132520274312 -0.0707104451382922 0.2077951284722637 0.5818341780176924
-0.21677734705598317 0.45434895344700166 -0.8640454908770626 -0.010619269890636544 -0.033435905786545955 -0.8880283072661864 -0.4585714401248563 -0.05906972857787879 -0.9756483085659519 -0.07051775659765266 0.20769598936144906 0.5819241577767609
-0.21687757829750354 0.45443973397962295 -0.8639725945956505 -0.011005653063409646 -0.03325944464943964 -0.887963491247833 -0.4587097639603618 -0.05912849857601455 -0.9756320645476046 -0.07074861406055596 0.20769378477722777 0.5820299342148262
-0.2173911606511686 0.45404480225379457 -0.8640511563657851 -0.011383689462100194 -0.032887556446035526 -0.888126198504012 -0.45842149181928776 -0.05920831932138607 -0.9755303644181184 -0.0712402489967931 0.20800320916064796 0.582102453728515
-0.21723101029730585 0.4539230977221005 -0.8641553734830238 -0.011761854632316611 -0.032152469954159185 -0.8881431036090276 -0.4584408862520566 -0.059299725005991594 -0.9755905426156297 -0.07180284720048832 0.20752697244658247 0.582209113132146
-0.2174979041905736 0.4542114779022046 -0.8639366846098177 -0.012147787580341286 -0.03177695439083833 -0.8879518217520697 -0.45883743027005053 -0.05935716698713014 -0.9755433802975401 -0.0723429028245062 0.20756111767037053 0.5823067887858928
-0.21767063066887277 0.4538018840874945 -0.8641084113367117 -0.01253135708667278 -0.031171152738672048 -0.8881173531382428 -0.4585585309332544 -0.059441892621186876 -0.9755244004027566 -0.07287946935428538 0.20746259220755975 0.5823935321451316
-0.21747708657508785 0.45370230362475916 -0.8642094286111435 -0.012913808954573336 -0.031037055193181978 -0.8881678433272392 -0.45846982810690684 -0.05955005637530286 -0.9755718415471757 -0.07288416676499909 0.20723773839536247 0.5824939136022933
-0.2178279738162066 0.453968078485777 -0.8639814567101873 -0.01330583859048463 -0.030653838054335525 -0.8879840545946326 -0.4588514585333856 -0.05962385067209564 -0.9755056719648865 -0.07346633583899553 0.2073436313531895 0.5825835572903267
-0.21795306400079154 0.45378431097113636 -0.864046446094837 -0.013318332000257095 -0.029483802075425364 -0.8879878502861835 -0.4589207809189945 -0.05961375903773174 -0.9755137965748327 -0.07454781593429599 0.20691895957495607 0.5826059392747599
-0.2183086281978535 0.45335088847031957 -0.864184190307566 -0.013720999268632697 -0.028551283642222175 -0.888131761793567 -0.45870120764593203 -0.05970751820831419 -0.9754620274806975 -0.07546486345728676 0.20683057638226585 0.5827148863649699
-0.21861556743550517 0.45298691007726544 -0.8642974563039648 -0.014128628823502333 -0.02764628367102176 -0.8882418112521676 -0.4585435287327151 -0.05978445443789446 -0.9754193542646331 -0.07635014107465943 0.20670689220208913 0.5828218971511545
-0.21846972310376309 0.4528821941577483 -0.8643892053362471 -0.014535572237946975 -0.0280274009787711 -0.8883331342077261 -0.4583434383331494 -0.059873895771675116 -0.9754411539817972 -0.07590758119938956 0.20676700470606482 0.5829304951976613
-0.2187055364422143 0.4528814512103546 -0.8643299598412209 -0.014961122526352323 -0.029194877301690347 -0.8884141473676025 -0.4581134814611282 -0.05996973763420588 -0.9753540626197559 -0.07495794758862706 0.20752291108318172 0.5829952318368775
-0.21872840846783964 0.4530072208892374 -0.8642582606786792 -0.015383094842308577 -0.030822534597056278 -0.8884704667057269 -0.4578975880616987 -0.06007303666769333 -0.9752988540391808 -0.07351658053743754 0.20829656189179718 0.5830630864595028
-0.21883486058797463 0.45350647698747026 -0.863969431821436 -0.015819062396921737 -0.03183718311459449 -0.8882776824661218 -0.458202087079428 -0.06016871549856157 -0.9752423788796146 -0.07276423684083441 0.2088244915573877 0.5831459546876986
-0.21918027203014545 0.453770189586007 -0.8637433782066705 -0.016264856241505664 -0.032269083136418186 -0.8881563062407429 -0.45840711377370114 -0.06024600884918983 -0.9751506112526039 -0.07260158901759187 0.20930908877971421 0.5832187558985993
-0.21920051949009547 0.4534296695083657 -0.8639170487175297 -0.01668381344004157 -0.030937566362899377 -0.8882362807579736 -0.45834395003401496 -0.060346481859577056 -0.975189212021346 -0.07374174092585972 0.20872986466342067 0.5833445678681112
-0.2196975651137936 0.4532332065008863 -0.8638938826082723 -0.017152222693269263 -0.02947236683937149 -0.88820843310195 -0.45849444812283646 -0.06044968499310846 -0.9751227407234209 -0.07526911645225984 0.20849508539181502 0.5834898803334008
-0.22011747355577857 0.4528926023587902 -0.8639656176978944 -0.01758786405014092 -0.028372632238309492 -0.8882863259709098 -0.45841291084891195 -0.06053783049155636 -0.9750606604592819 -0.07639171304392661 0.20837709711703836 0.5835955987795545
-0.21985303365517525 0.45300517552508707 -0.8639739316322577 -0.018031672908105416 -0.02853030676629592 -0.8882499003502476 -0.45847370276123356 -0.06061406226821561 -0.9751157188705539 -0.07614739309562721 0.20820881186035958 0.5836980284784141
