-0.8940036761892725 -0.12081191712167379 0.43146483940345837 -0.03671786252703091 0.12170710592467816 -0.9922345727885433 -0.025650203324263553 0.05529435534715329 0.43121318083693294 0.029580960845157035 0.9017650245091411 0.248506384934137
-0.8940036761892725 -0.12081191712167379 0.43146483940345837 -0.03671786252703091 0.12170710592467816 -0.9922345727885433 -0.025650203324263553 0.05529435534715329 0.43121318083693294 0.029580960845157035 0.9017650245091411 0.248506384934137
-0.8940036761892725 -0.12081191712167379 0.43146483940345837 -0.03671786252703091 0.12170710592467816 -0.9922345727885433 -0.025650203324263553 0.05529435534715329 0.43121318083693294 0.029580960845157035 0.9017650245091411 0.248506384934137
-0.8940036761892725 -0.12081191712167379 0.43146483940345837 -0.03671786252703091 0.12170710592467816 -0.9922345727885433 -0.025650203324263553 0.05529435534715329 0.43121318083693294 0.029580960845157035 0.9017650245091411 0.248506384934137
-0.8940036761892725 -0.12081191712167379 0.43146483940345837 -0.03671786252703091 0.12170710592467816 -0.9922345727885433 -0.025650203324263553 0.05529435534715329 0.43121318083693294 0.029580960845157035 0.9017650245091411 0.248506384934137
-0.8940036761892725 -0.12081191712167379 0.43146483940345837 -0.03671786252703091 0.12170710592467816 -0.9922345727885433 -0.025650203324263553 0.05529435534715329 0.43121318083693294 0.029580960845157035 0.9017650245091411 0.248506384934137
-0.8940036761892725 -0.12081191712167379 0.43146483940345837 -0.03671786252703091 0.12170710592467816 -0.9922345727885433 -0.025650203324263553 0.05529435534715329 0.43121318083693294 0.029580960845157035 0.9017650245091411 0.248506384934137
-0.8940036761892725 -0.12081191712167379 0.43146483940345837 -0.03671786252703091 0.12170710592467816 -0.9922345727885433 -0.025650203324263553 0.05529435534715329 0.43121318083693294 0.029580960845157035 0.9017650245091411 0.248506384934137
-0.8940036761892725 -0.12081191712167379 0.43146483940345837 -0.03671786252703091 0.12170710592467816 -0.9922345727885433 -0.025650203324263553 0.05529435534715329 0.43121318083693294 0.029580960845157035 0.9017650245091411 0.248506384934137
-0.8940036761892725 -0.12081191712167379 0.43146483940345837 -0.03671786252703091 0.12170710592467816 -0.9922345727885433 -0.025650203324263553 0.05529435534715329 0.43121318083693294 0.029580960845157035 0.9017650245091411 0.248506384934137
-0.8940036761892725 -0.12081191712167379 0.43146483940345837 -0.03671786252703091 0.12170710592467816 -0.9922345727885433 -0.025650203324263553 0.05529435534715329 0.43121318083693294 0.029580960845157035 0.9017650245091411 0.248506384934137
-0.8940036761892725 -0.12081191712167379 0.43146483940345837 -0.03671786252703091 0.12170710592467816 -0.9922345727885433 -0.025650203324263553 0.05529435534715329 0.43121318083693294 0.029580960845157035 0.9017650245091411 0.248506384934137
-0.8940036761892725 -0.12081191712167379 0.43146483940345837 -0.03671786252703091 0.12170710592467816 -0.9922345727885433 -0.025650203324263553 0.05529435534715329 0.43121318083693294 0.029580960845157035 0.9017650245091411 0.248506384934137
-0.8940036761892725 -0.12081191712167379 0.43146483940345837 -0.03671786252703091 0.12170710592467816 -0.9922345727885433 -0.025650203324263553 0.05529435534715329 0.43121318083693294 0.029580960845157035 0.9017650245091411 0.248506384934137
-0.8940036761892725 -0.12081191712167379 0.43146483940345837 -0.03671786252703091 0.12170710592467816 -0.9922345727885433 -0.025650203324263553 0.05529435534715329 0.43121318083693294 0.029580960845157035 0.9017650245091411 0.248506384934137
-0.8940036761892725 -0.12081191712167379 0.43146483940345837 -0.03671786252703091 0.12170710592467816 -0.9922345727885433 -0.025650203324263553 0.05529435534715329 0.43121318083693294 0.029580960845157035 0.9017650245091411 0.248506384934137
-0.8940036761892725 -0.12081191712167379 0.43146483940345837 -0.03671786252703091 0.12170710592467816 -0.9922345727885433 -0.025650203324263553 0.05529435534715329 0.43121318083693294 0.029580960845157035 0.9017650245091411 0.248506384934137
-0.8940036761892725 -0.12081191712167379 0.43146483940345837 -0.03671786252703091 0.12170710592467816 -0.9922345727885433 -0.025650203324263553 0.05529435534715329 0.43121318083693294 0.029580960845157035 0.9017650245091411 0.248506384934137
-0.8940036761892725 -0.12081191712167379 0.43146483940345837 -0.03671786252703091 0.12170710592467816 -0.9922345727885433 -0.025650203324263553 0.05529435534715329 0.43121318083693294 0.029580960845157035 0.9017650245091411 0.248506384934137
-0.8940036761892725 -0.12081191712167379 0.43146483940345837 -0.03671786252703091 0.12170710592467816 -0.9922345727885433 -0.025650203324263553 0.05529435534715329 0.43121318083693294 0.029580960845157035 0.9017650245091411 0.248506384934137
-0.8940036761892725 -0.12081191712167379 0.43146483940345837 -0.03671786252703091 0.12170710592467816 -0.9922345727885433 -0.025650203324263553 0.05529435534715329 0.43121318083693294 0.029580960845157035 0.9017650245091411 0.248506384934137
-0.8940036761892725 -0.12081191712167379 0.43146483940345837 -0.03671786252703091 0.12170710592467816 -0.9922345727885433 -0.025650203324263553 0.05529435534715329 0.43121318083693294 0.029580960845157035 0.9017650245091411 0.248506384934137
-0.8940036761892725 -0.12081191712167379 0.43146483940345837 -0.03671786252703091 0.12170710592467816 -0.9922345727885433 -0.025650203324263553 0.05529435534715329 0.43121318083693294 0.029580960845157035 0.9017650245091411 0.248506384934137
-0.8940036761892725 -0.12081191712167379 0.43146483940345837 -0.03671786252703091 0.12170710592467816 -0.9922345727885433 -0.025650203324263553 0.05529435534715329 0.43121318083693294 0.029580960845157035 0.9017650245091411 0.248506384934137
-0.8940036761892725 -0.12081191712167379 0.43146483940345837 -0.03671786252703091 0.12170710592467816 -0.9922345727885433 -0.025650203324263553 0.05529435534715329 0.43121318083693294 0.029580960845157035 0.9017650245091411 0.248506384934137
-0.8940036761892725 -0.12081191712167379 0.43146483940345837 -0.03671786252703091 0.12170710592467816 -0.9922345727885433 -0.025650203324263553 0.05529435534715329 0.43121318083693294 0.029580960845157035 0.9017650245091411 0.248506384934137
-0.8940036761892725 -0.12081191712167379 0.43146483940345837 -0.03671786252703091 0.12170710592467816 -0.9922345727885433 -0.025650203324263553 0.05529435534715329 0.43121318083693294 0.029580960845157035 0.9017650245091411 0.248506384934137
-0.8940036761892725 -0.12081191712167379 0.43146483940345837 -0.03671786252703091 0.12170710592467816 -0.9922345727885433 -0.025650203324263553 0.05529435534715329 0.43121318083693294 0.029580960845157035 0.9017650245091411 0.248506384934137
-0.8940036761892725 -0.12081191712167379 0.43146483940345837 -0.03671786252703091 0.12170710592467816 -0.9922345727885433 -0.025650203324263553 0.05529435534715329 0.43121318083693294 0.029580960845157035 0.9017650245091411 0.248506384934137
-0.8940036761892725 -0.12081191712167379 0.43146483940345837 -0.03671786252703091 0.12170710592467816 -0.9922345727885433 -0.025650203324263553 0.05529435534715329 0.43121318083693294 0.029580960845157035 0.9017650245091411 0.248506384934137
-0.8940036761892725 -0.12081191712167379 0.43146483940345837 -0.03671786252703091 0.12170710592467816 -0.9922345727885433 -0.025650203324263553 0.05529435534715329 0.43121318083693294 0.029580960845157035 0.9017650245091411 0.248506384934137
-0.8940036761892725 -0.12081191712167379 0.43146483940345837 -0.03671786252703091 0.12170710592467816 -0.9922345727885433 -0.025650203324263553 0.05529435534715329 0.43121318083693294 0.029580960845157035 0.9017650245091411 0.248506384934137
-0.8940036761892725 -0.12081191712167379 0.43146483940345837 -0.03671786252703091 0.12170710592467816 -0.9922345727885433 -0.025650203324263553 0.05529435534715329 0.43121318083693294 0.029580960845157035 0.9017650245091411 0.248506384934137
-0.8940036761892725 -0.12081191712167379 0.43146483940345837 -0.03671786252703091 0.12170710592467816 -0.9922345727885433 -0.025650203324263553 0.05529435534715329 0.43121318083693294 0.029580960845157035 0.9017650245091411 0.248506384934137
-0.8940036761892725 -0.12081191712167379 0.43146483940345837 -0.03671786252703091 0.12170710592467816 -0.9922345727885433 -0.025650203324263553 0.05529435534715329 0.43121318083693294 0.029580960845157035 0.9017650245091411 0.248506384934137
-0.8940036761892725 -0.12081191712167379 0.43146483940345837 -0.03671786252703091 0.12170710592467816 -0.9922345727885433 -0.025650203324263553 0.05529435534715329 0.43121318083693294 0.029580960845157035 0.9017650245091411 0.248506384934137
-0.8940036761892725 -0.12081191712167379 0.43146483940345837 -0.03671786252703091 0.12170710592467816 -0.9922345727885433 -0.025650203324263553 0.05529435534715329 0.43121318083693294 0.029580960845157035 0.9017650245091411 0.248506384934137
-0.8940036761892725 -0.12081191712167379 0.43146483940345837 -0.03671786252703091 0.12170710592467816 -0.9922345727885433 -0.025650203324263553 0.05529435534715329 0.43121318083693294 0.029580960845157035 0.9017650245091411 0.248506384934137
-0.8940036761892725 -0.12081191712167379 0.43146483940345837 -0.03671786252703091 0.12170710592467816 -0.9922345727885433 -0.025650203324263553 0.05529435534715329 0.43121318083693294 0.029580960845157035 0.9017650245091411 0.248506384934137
-0.8940036761892725 -0.12081191712167379 0.43146483940345837 -0.03671786252703091 0.12170710592467816 -0.9922345727885433 -0.025650203324263553 0.05529435534715329 0.43121318083693294 0.029580960845157035 0.9017650245091411 0.248506384934137
-0.8940036761892725 -0.12081191712167379 0.43146483940345837 -0.03671786252703091 0.12170710592467816 -0.9922345727885433 -0.025650203324263553 0.05529435534715329 0.43121318083693294 0.029580960845157035 0.9017650245091411 0.248506384934137
-0.8940036761892725 -0.12081191712167379 0.43146483940345837 -0.03671786252703091 0.12170710592467816 -0.9922345727885433 -0.025650203324263553 0.05529435534715329 0.43121318083693294 0.029580960845157035 0.9017650245091411 0.248506384934137
-0.8940036761892725 -0.12081191712167379 0.43146483940345837 -0.03671786252703091 0.12170710592467816 -0.9922345727885433 -0.025650203324263553 0.05529435534715329 0.43121318083693294 0.029580960845157035 0.9017650245091411 0.248506384934137
-0.8940036761892725 -0.12081191712167379 0.43146483940345837 -0.03671786252703091 0.12170710592467816 -0.9922345727885433 -0.025650203324263553 0.05529435534715329 0.43121318083693294 0.029580960845157035 0.9017650245091411 0.248506384934137
-0.8940036761892725 -0.12081191712167379 0.43146483940345837 -0.03671786252703091 0.12170710592467816 -0.9922345727885433 -0.025650203324263553 0.05529435534715329 0.43121318083693294 0.029580960845157035 0.9017650245091411 0.248506384934137
-0.8940036761892725 -0.12081191712167379 0.43146483940345837 -0.03671786252703091 0.12170710592467816 -0.9922345727885433 -0.025650203324263553 0.05529435534715329 0.43121318083693294 0.029580960845157035 0.9017650245091411 0.248506384934137
-0.8940036761892725 -0.12081191712167379 0.43146483940345837 -0.03671786252703091 0.12170710592467816 -0.9922345727885433 -0.025650203324263553 0.05529435534715329 0.43121318083693294 0.029580960845157035 0.9017650245091411 0.248506384934137
-0.8940036761892725 -0.12081191712167379 0.43146483940345837 -0.03671786252703091 0.12170710592467816 -0.9922345727885433 -0.025650203324263553 0.05529435534715329 0.43121318083693294 0.029580960845157035 0.9017650245091411 0.248506384934137
-0.8940036761892725 -0.12081191712167379 0.43146483940345837 -0.03671786252703091 0.12170710592467816 -0.9922345727885433 -0.025650203324263553 0.05529435534715329 0.43121318083693294 0.029580960845157035 0.9017650245091411 0.248506384934137
-0.8940036761892725 -0.12081191712167379 0.43146483940345837 -0.03671786252703091 0.12170710592467816 -0.9922345727885433 -0.025650203324263553 0.05529435534715329 0.43121318083693294 0.029580960845157035 0.9017650245091411 0.248506384934137
-0.8940036761892725 -0.12081191712167379 0.43146483940345837 -0.03671786252703091 0.12170710592467816 -0.9922345727885433 -0.025650203324263553 0.05529435534715329 0.43121318083693294 0.029580960845157035 0.9017650245091411 0.248506384934137
-0.8940036761892725 -0.12081191712167379 0.43146483940345837 -0.03671786252703091 0.12170710592467816 -0.9922345727885433 -0.025650203324263553 0.05529435534715329 0.43121318083693294 0.029580960845157035 0.9017650245091411 0.248506384934137
-0.8940036761892725 -0.12081191712167379 0.43146483940345837 -0.03671786252703091 0.12170710592467816 -0.9922345727885433 -0.025650203324263553 0.05529435534715329 0.43121318083693294 0.029580960845157035 0.9017650245091411 0.248506384934137
-0.8940036761892725 -0.12081191712167379 0.43146483940345837 -0.03671786252703091 0.12170710592467816 -0.9922345727885433 -0.025650203324263553 0.05529435534715329 0.43121318083693294 0.029580960845157035 0.9017650245091411 0.248506384934137
-0.8940036761892725 -0.12081191712167379 0.43146483940345837 -0.03671786252703091 0.12170710592467816 -0.9922345727885433 -0.025650203324263553 0.05529435534715329 0.43121318083693294 0.029580960845157035 0.9017650245091411 0.248506384934137
-0.8940036761892725 -0.12081191712167379 0.43146483940345837 -0.03671786252703091 0.12170710592467816 -0.9922345727885433 -0.025650203324263553 0.05529435534715329 0.43121318083693294 0.029580960845157035 0.9017650245091411 0.248506384934137
-0.8940036761892725 -0.12081191712167379 0.43146483940345837 -0.03671786252703091 0.12170710592467816 -0.9922345727885433 -0.025650203324263553 0.05529435534715329 0.43121318083693294 0.029580960845157035 0.9017650245091411 0.248506384934137
-0.8940036761892725 -0.12081191712167379 0.43146483940345837 -0.03671786252703091 0.12170710592467816 -0.9922345727885433 -0.025650203324263553 0.05529435534715329 0.43121318083693294 0.029580960845157035 0.9017650245091411 0.248506384934137
-0.8940036761892725 -0.12081191712167379 0.43146483940345837 -0.03671786252703091 0.12170710592467816 -0.9922345727885433 -0.025650203324263553 0.05529435534715329 0.43121318083693294 0.029580960845157035 0.9017650245091411 0.248506384934137
-0.8940036761892725 -0.12081191712167379 0.43146483940345837 -0.03671786252703091 0.12170710592467816 -0.9922345727885433 -0.025650203324263553 0.05529435534715329 0.43121318083693294 0.029580960845157035 0.9017650245091411 0.248506384934137
-0.8940036761892725 -0.12081191712167379 0.43146483940345837 -0.03671786252703091 0.12170710592467816 -0.9922345727885433 -0.025650203324263553 0.05529435534715329 0.43121318083693294 0.029580960845157035 0.9017650245091411 0.248506384934137
-0.8940036761892725 -0.12081191712167379 0.43146483940345837 -0.03671786252703091 0.12170710592467816 -0.9922345727885433 -0.025650203324263553 0.05529435534715329 0.43121318083693294 0.029580960845157035 0.9017650245091411 0.248506384934137
-0.8940036761892725 -0.12081191712167379 0.43146483940345837 -0.03671786252703091 0.12170710592467816 -0.9922345727885433 -0.025650203324263553 0.05529435534715329 0.43121318083693294 0.029580960845157035 0.9017650245091411 0.248506384934137
-0.8940036761892725 -0.12081191712167379 0.43146483940345837 -0.03671786252703091 0.12170710592467816 -0.9922345727885433 -0.025650203324263553 0.05529435534715329 0.43121318083693294 0.029580960845157035 0.9017650245091411 0.248506384934137
-0.8940036761892725 -0.12081191712167379 0.43146483940345837 -0.03671786252703091 0.12170710592467816 -0.9922345727885433 -0.025650203324263553 0.05529435534715329 0.43121318083693294 0.029580960845157035 0.9017650245091411 0.248506384934137
-0.8940036761892725 -0.12081191712167379 0.43146483940345837 -0.03671786252703091 0.12170710592467816 -0.9922345727885433 -0.025650203324263553 0.05529435534715329 0.43121318083693294 0.029580960845157035 0.9017650245091411 0.248506384934137
-0.8940036761892725 -0.12081191712167379 0.43146483940345837 -0.03671786252703091 0.12170710592467816 -0.9922345727885433 -0.025650203324263553 0.05529435534715329 0.43121318083693294 0.029580960845157035 0.9017650245091411 0.248506384934137
-0.8940036761892725 -0.12081191712167379 0.43146483940345837 -0.03671786252703091 0.12170710592467816 -0.9922345727885433 -0.025650203324263553 0.05529435534715329 0.43121318083693294 0.029580960845157035 0.9017650245091411 0.248506384934137
-0.8940036761892725 -0.12081191712167379 0.43146483940345837 -0.03671786252703091 0.12170710592467816 -0.9922345727885433 -0.025650203324263553 0.05529435534715329 0.43121318083693294 0.029580960845157035 0.9017650245091411 0.248506384934137
-0.8940036761892725 -0.12081191712167379 0.43146483940345837 -0.03671786252703091 0.12170710592467816 -0.9922345727885433 -0.025650203324263553 0.05529435534715329 0.43121318083693294 0.029580960845157035 0.9017650245091411 0.248506384934137
-0.8940036761892725 -0.12081191712167379 0.43146483940345837 -0.03671786252703091 0.12170710592467816 -0.9922345727885433 -0.025650203324263553 0.05529435534715329 0.43121318083693294 0.029580960845157035 0.9017650245091411 0.248506384934137
-0.8940036761892725 -0.12081191712167379 0.43146483940345837 -0.03671786252703091 0.12170710592467816 -0.9922345727885433 -0.025650203324263553 0.05529435534715329 0.43121318083693294 0.029580960845157035 0.9017650245091411 0.248506384934137
-0.8940036761892725 -0.12081191712167379 0.43146483940345837 -0.03671786252703091 0.12170710592467816 -0.9922345727885433 -0.025650203324263553 0.05529435534715329 0.43121318083693294 0.029580960845157035 0.9017650245091411 0.248506384934137
-0.8940036761892725 -0.12081191712167379 0.43146483940345837 -0.03671786252703091 0.12170710592467816 -0.9922345727885433 -0.025650203324263553 0.05529435534715329 0.43121318083693294 0.029580960845157035 0.9017650245091411 0.248506384934137
-0.8940036761892725 -0.12081191712167379 0.43146483940345837 -0.03671786252703091 0.12170710592467816 -0.9922345727885433 -0.025650203324263553 0.05529435534715329 0.43121318083693294 0.029580960845157035 0.9017650245091411 0.248506384934137
-0.8940036761892725 -0.12081191712167379 0.43146483940345837 -0.03671786252703091 0.12170710592467816 -0.9922345727885433 -0.025650203324263553 0.05529435534715329 0.43121318083693294 0.029580960845157035 0.9017650245091411 0.248506384934137
-0.8940036761892725 -0.12081191712167379 0.43146483940345837 -0.03671786252703091 0.12170710592467816 -0.9922345727885433 -0.025650203324263553 0.05529435534715329 0.43121318083693294 0.029580960845157035 0.9017650245091411 0.248506384934137
-0.8940036761892725 -0.12081191712167379 0.43146483940345837 -0.03671786252703091 0.12170710592467816 -0.9922345727885433 -0.025650203324263553 0.05529435534715329 0.43121318083693294 0.029580960845157035 0.9017650245091411 0.248506384934137
-0.8940036761892725 -0.12081191712167379 0.43146483940345837 -0.03671786252703091 0.12170710592467816 -0.9922345727885433 -0.025650203324263553 0.05529435534715329 0.43121318083693294 0.029580960845157035 0.9017650245091411 0.248506384934137
-0.8940036761892725 -0.12081191712167379 0.43146483940345837 -0.03671786252703091 0.12170710592467816 -0.9922345727885433 -0.025650203324263553 0.05529435534715329 0.43121318083693294 0.029580960845157035 0.9017650245091411 0.248506384934137
-0.8940036761892725 -0.12081191712167379 0.43146483940345837 -0.03671786252703091 0.12170710592467816 -0.9922345727885433 -0.025650203324263553 0.05529435534715329 0.43121318083693294 0.029580960845157035 0.9017650245091411 0.248506384934137
-0.8940036761892725 -0.12081191712167379 0.43146483940345837 -0.03671786252703091 0.12170710592467816 -0.9922345727885433 -0.025650203324263553 0.05529435534715329 0.43121318083693294 0.029580960845157035 0.9017650245091411 0.248506384934137
-0.8940036761892725 -0.12081191712167379 0.43146483940345837 -0.03671786252703091 0.12170710592467816 -0.9922345727885433 -0.025650203324263553 0.05529435534715329 0.43121318083693294 0.029580960845157035 0.9017650245091411 0.248506384934137
-0.8940036761892725 -0.12081191712167379 0.43146483940345837 -0.03671786252703091 0.12170710592467816 -0.9922345727885433 -0.025650203324263553 0.05529435534715329 0.43121318083693294 0.029580960845157035 0.9017650245091411 0.248506384934137
-0.8940036761892725 -0.12081191712167379 0.43146483940345837 -0.03671786252703091 0.12170710592467816 -0.9922345727885433 -0.025650203324263553 0.05529435534715329 0.43121318083693294 0.029580960845157035 0.9017650245091411 0.248506384934137
-0.8900698240365803 -0.12168580345290442 0.43928154249582607 -0.03666341285840011 0.12252162504727057 -0.9921100452025378 -0.02657272293151049 0.05531443280935395 0.4390491541220267 0.030169909616037906 0.8979563557425791 0.2485684257496453
-0.8900698240365803 -0.12168580345290442 0.43928154249582607 -0.03666341285840011 0.12252162504727057 -0.9921100452025378 -0.02657272293151049 0.05531443280935395 0.4390491541220267 0.030169909616037906 0.8979563557425791 0.2485684257496453
-0.8900698240365803 -0.12168580345290442 0.43928154249582607 -0.03666341285840011 0.12252162504727057 -0.9921100452025378 -0.02657272293151049 0.05531443280935395 0.4390491541220267 0.030169909616037906 0.8979563557425791 0.2485684257496453
-0.8900698240365803 -0.12168580345290442 0.43928154249582607 -0.03666341285840011 0.12252162504727057 -0.9921100452025378 -0.02657272293151049 0.05531443280935395 0.4390491541220267 0.030169909616037906 0.8979563557425791 0.2485684257496453
-0.8900698240365803 -0.12168580345290442 0.43928154249582607 -0.03666341285840011 0.12252162504727057 -0.9921100452025378 -0.02657272293151049 0.05531443280935395 0.4390491541220267 0.030169909616037906 0.8979563557425791 0.2485684257496453
-0.8851084230002089 -0.1253374154462188 0.44818925893348366 -0.03660276629386265 0.12591603823877684 -0.9916272389611169 -0.028645597647854456 0.055333206552132336 0.4480270425413339 0.031079756106086636 0.8934796124770009 0.24863707607896363
-0.8851084230002089 -0.1253374154462188 0.44818925893348366 -0.03660276629386265 0.12591603823877684 -0.9916272389611169 -0.028645597647854456 0.055333206552132336 0.4480270425413339 0.031079756106086636 0.8934796124770009 0.24863707607896363
-0.8851084230002089 -0.1253374154462188 0.44818925893348366 -0.03660276629386265 0.12591603823877684 -0.9916272389611169 -0.028645597647854456 0.055333206552132336 0.4480270425413339 0.031079756106086636 0.8934796124770009 0.24863707607896363
-0.8851084230002089 -0.1253374154462188 0.44818925893348366 -0.03660276629386265 0.12591603823877684 -0.9916272389611169 -0.028645597647854456 0.055333206552132336 0.4480270425413339 0.031079756106086636 0.8934796124770009 0.24863707607896363
-0.8805325342267636 -0.1295273854042102 0.45594419899648103 -0.036544185448324 0.12986999460028428 -0.9910545276053919 -0.030736099547205294 0.055351589183780824 0.45584672936274934 0.03214933503515718 0.8894774755923175 0.2487015224594272
-0.8805325342267636 -0.1295273854042102 0.45594419899648103 -0.036544185448324 0.12986999460028428 -0.9910545276053919 -0.030736099547205294 0.055351589183780824 0.45584672936274934 0.03214933503515718 0.8894774755923175 0.2487015224594272
-0.8805325342267636 -0.1295273854042102 0.45594419899648103 -0.036544185448324 0.12986999460028428 -0.9910545276053919 -0.030736099547205294 0.055351589183780824 0.45584672936274934 0.03214933503515718 0.8894774755923175 0.2487015224594272
-0.8764535235592978 -0.1321695643224565 0.46299074213995206 -0.03649175056899489 0.1323193032080213 -0.9906799275426446 -0.03232465255257487 0.05536734435951814 0.4629479701208714 0.032931556764188824 0.8857734978706757 0.24875840230566332
-0.8764535235592978 -0.1321695643224565 0.46299074213995206 -0.03649175056899489 0.1323193032080213 -0.9906799275426446 -0.03232465255257487 0.05536734435951814 0.4629479701208714 0.032931556764188824 0.8857734978706757 0.24875840230566332
-0.8764535235592978 -0.1321695643224565 0.46299074213995206 -0.03649175056899489 0.1323193032080213 -0.9906799275426446 -0.03232465255257487 0.05536734435951814 0.4629479701208714 0.032931556764188824 0.8857734978706757 0.24875840230566332
-0.8713726660432232 -0.13485895507270199 0.47172315939481335 -0.0364221456602465 0.1350220495846626 -0.9902696856110648 -0.03368969999450979 0.05538841423392446 0.4716765024873324 0.03433674411562782 0.88110286857146 0.24882751930632543
-0.8713726660432232 -0.13485895507270199 0.47172315939481335 -0.0364221456602465 0.1350220495846626 -0.9902696856110648 -0.03368969999450979 0.05538841423392446 0.4716765024873324 0.03433674411562782 0.88110286857146 0.24882751930632543
-0.8669779236881522 -0.13567775570084228 0.47952145566737986 -0.036375592704220944 0.13535146956037236 -0.9901634531880775 -0.03544454342362556 0.055404512937248705 0.4796136565249451 0.03417429704681939 0.8768140383776526 0.2488824384048165
-0.8669779236881522 -0.13567775570084228 0.47952145566737986 -0.036375592704220944 0.13535146956037236 -0.9901634531880775 -0.03544454342362556 0.055404512937248705 0.4796136565249451 0.03417429704681939 0.8768140383776526 0.2488824384048165
-0.8622951509150218 -0.13582827174920717 0.48785013405969635 -0.036327644349634564 0.13496192774621465 -0.9901548471434916 -0.03713026713174969 0.055418793765053334 0.48809051493290234 0.033823945244058684 0.8721373687445468 0.24894064899837873
-0.8603527253270262 -0.13690041335825517 0.4909699225458702 -0.03630182202338237 0.1354889758241767 -0.9900254517372717 -0.03863084703351827 0.05542679835001085 0.49136129828515657 0.0332848574392364 0.8703195923410983 0.24897013938495258
-0.8584500078930829 -0.13881887711364949 0.4937538894077405 -0.03627446040254361 0.13714813940679238 -0.9897498560995096 -0.03981972134828371 0.0554365459643396 0.4942205699944316 0.03353418715140423 0.868689522491479 0.2489964077679783
-0.8565905877171641 -0.1417866409156572 0.49613416884167344 -0.03624396821600647 0.14036016041902252 -0.9892766539521559 -0.04038226482470881 0.055441587480957205 0.4965396161450865 0.035046403568428204 0.8673062660879426 0.24902192208336385
-0.8544312303955447 -0.1452550901723664 0.49884690166801043 -0.03621347915300254 0.14392754438697694 -0.9887228117745789 -0.041377088386037084 0.05544930866568437 0.49923154396681585 0.03644393304226162 0.8657018570229134 0.24904601052006511
-0.8521854527506991 -0.14789852786268706 0.5019023606002823 -0.03618419155968839 0.14683627979248945 -0.988272764326148 -0.041905252986416786 0.05545676791243866 0.5022141585586647 0.037986428460751814 0.8639085427266062 0.24907278530629584
-0.8501649139163441 -0.15049634792505148 0.5045497680178213 -0.036153926785547796 0.1493117662993407 -0.9878519093056808 -0.04306508708562201 0.05546330016179877 0.5049015900056035 0.038722790993715825 0.8623079089672497 0.24909740914893197
-0.8476779928398213 -0.15221051716907208 0.5082066301399225 -0.03612598993995821 0.1507871019216795 -0.9875743370112895 -0.04427390620640688 0.055472935446894786 0.5086307799859476 0.03910098898795626 0.8600964145437713 0.249125838272855
-0.8454146168386915 -0.15325254455630888 0.5116520137969799 -0.03609822595076396 0.15177654889653536 -0.9873915519330422 -0.04496445681108342 0.055479719365680226 0.512091793373557 0.03964316786376612 0.858015392869603 0.2491510900438277
-0.8429882572537412 -0.15490884279998815 0.5151446870100369 -0.03607021178708252 0.15335588087172544 -0.987105425753991 -0.0458786687807026 0.05548573272584895 0.5156091270859715 0.040325288212247415 0.8558744646244809 0.24917958209072455
-0.8408169189903583 -0.1564882231481795 0.5182068551799438 -0.036039658117191814 0.154687742955895 -0.9868439337318817 -0.04701864136485252 0.05549248170288728 0.5187471550946304 0.04062617964454994 0.8539618859227361 0.24920670900260639
-0.8385030221733755 -0.1586704266485822 0.5212833946264476 -0.03602484307154765 0.1567325227005418 -0.9864664316869235 -0.048154911305002296 0.05549475766232276 0.5218693305167875 0.04132402281996993 0.8520239004886746 0.24921799334025974
-0.8362668374930964 -0.16125361518511197 0.5240754221474496 -0.03599227121104045 0.1590649928802221 -0.9860228390120911 -0.04957104988348961 0.05550313280016286 0.5247438466045226 0.041907428175305086 0.8502280064279356 0.24924473675208922
-0.8335573665762854 -0.16298362492107646 0.5278432102755459 -0.03596108781358252 0.16084616372084473 -0.9856943088999421 -0.0503511769331435 0.055511491941101845 0.5284984656956873 0.04293096097050903 0.8478480431937394 0.24926988729489075
-0.8306756579754667 -0.16426680358105192 0.5319721501058958 -0.03593291261133966 0.16229527749842068 -0.9854303605582054 -0.050864991810044835 0.0555174928540761 0.5325769373045892 0.044084257183142156 0.845232739616654 0.24929727703357746
-0.8281663201577826 -0.1650096168386454 0.5356420189894371 -0.03590152298865201 0.16257355736791268 -0.9853158433591443 -0.052177842713168304 0.055526804749953536 0.536386413512739 0.04386929650930764 0.8428315965972796 0.24932459332366802
-0.825339768795524 -0.1651009964823457 0.5399591901292984 -0.03587161875459422 0.16272019090447062 -0.9852723389654818 -0.052541008188859095 0.055534444817380964 0.5406814270127687 0.04449807894758609 0.8400497101085213 0.24935312620863842
-0.8223182913172796 -0.16612751211526938 0.5442373356206105 -0.035841290342879265 0.16386955308510465 -0.9850526083870471 -0.05308604601553397 0.05554067609859906 0.5449214597872964 0.045530302308093164 0.8372500189519354 0.24938196227661302
-0.8195034468005813 -0.16769900500523632 0.547988270314448 -0.03580885922528394 0.16521713066435545 -0.9847621152010957 -0.05428513792651896 0.05554838437554116 0.5487416517970948 0.046050192018249024 0.8347226961081617 0.24940966154942804
-0.8166902728589509 -0.16946165101443686 0.5516337073212926 -0.03577356172069325 0.16658514393536608 -0.9844472920476737 -0.05579353905279486 0.05555888133795465 0.5525091746184906 0.04632793990092355 0.8322183210834347 0.24943888286258384
-0.8136882225915516 -0.1698040437028512 0.5559478960819638 -0.035742553711178085 0.16716193706538254 -0.9843384190229525 -0.05598895991125019 0.05556776365573345 0.556748024884104 0.04737576994155028 0.8293293514702675 0.2494672974734198
-0.8107978864519524 -0.16953484696692384 0.5602363099522812 -0.03570960240007704 0.16668365587190798 -0.9843814139611943 -0.05665501489660882 0.05557720082657846 0.561091210223634 0.04744646995995931 0.826393057992452 0.2494962673159973
-0.8077470461963683 -0.16940301085720358 0.5646656792063395 -0.03567710529863852 0.16637087367735873 -0.9843950799675354 -0.05733287824226434 0.05558541065605049 0.5655664786325961 0.047633459335052794 0.8233259450539023 0.24952647377945836
-0.804409999529647 -0.16938433995968608 0.5694150490047967 -0.035642403190832186 0.16610724713269234 -0.9843905771609314 -0.058168497030326574 0.05559509942339443 0.5703796412098807 0.047792645597308614 0.8199895901291053 0.249558196817767
-0.8011384173608567 -0.1704118777365229 0.5737046523733745 -0.0356112993911112 0.16744407522404553 -0.9841441824636246 -0.058503929742953396 0.0556016630058566 0.5745778606080348 0.049193699284731766 0.8169701720685874 0.24958129082798888
-0.7975577059985426 -0.1727361468922143 0.5779826374201685 -0.035571256293743296 0.17017580414680852 -0.9836371727220634 -0.05914480638511651 0.05560935671376585 0.578741653318067 0.05118726400362895 0.8139029197137049 0.24961110456463975
-0.7937934119375032 -0.17586329349011376 0.582206253116048 -0.03553047271023146 0.17370068588467596 -0.9829635142794477 -0.06008994357287565 0.05561896254859118 0.5828551199807811 0.0534306241607598 0.8108175365111321 0.24964129098877194
-0.7904017397399556 -0.17810321823492808 0.5861265507298002 -0.035488922291252466 0.1761075115760828 -0.9824756189665709 -0.061055732758958814 0.05562696898765788 0.5867292682170641 0.05496273092391893 0.8079157530503126 0.24967198224895468
-0.7869133308228102 -0.17944622283393027 0.5903951751869134 -0.0354459144788492 0.1773728531683512 -0.9821816227723361 -0.06211385390731471 0.05563524158055148 0.5910213877113664 0.05584185705128492 0.8047207007830698 0.24970396011375207
-0.7827897838415727 -0.18010990768193783 0.5956513875313881 -0.03540481487325449 0.17799415782250003 -0.9820114822168673 -0.06302006486263284 0.0556455758806315 0.5962870400187507 0.056691004127950764 0.8007670672278188 0.24973730312492373
-0.7789306899145398 -0.18034253134095576 0.6006193067982379 -0.03536429991869198 0.1782227317637207 -0.9819261050601564 -0.06370072279077996 0.055653475717051926 0.6012517261446626 0.05742556565613713 0.7969935170483738 0.24977091187897418
-0.7749170724427595 -0.18070586305984201 0.6056805444229996 -0.0353243564032748 0.17818443986894208 -0.9818502315732053 -0.06496482239054423 0.05566274158458413 0.6064271070997196 0.05758049856888369 0.7930514800183052 0.249804724203987
-0.7709891929329065 -0.18140363048864594 0.6104657133911818 -0.035282728663485204 0.178368044568675 -0.9817172944964678 -0.06645294849201766 0.05567293067933934 0.611359554646374 0.05765307044793358 0.7892500354200263 0.24983825203152407
-0.767042092243832 -0.18248104058039216 0.6150992591077495 -0.03524067503997005 0.17943625639169464 -0.9814575258791182 -0.0674073793243334 0.05568257662282786 0.615994365735872 0.05866681109398923 0.78556294888298 0.24987212053257224
-0.763500373918943 -0.18363592357032651 0.6191486304596882 -0.03519698050525107 0.18088793492764968 -0.981154033095941 -0.0679434937074884 0.05569121477873582 0.6199570420789208 0.06012163432610875 0.782328994133998 0.24990045093443503
-0.7593221308915723 -0.18559311343532472 0.6236866984180957 -0.03515250304829396 0.18270880707042872 -0.9807151383344161 -0.06939242941854708 0.055699768237419414 0.6245377437410672 0.06126184527983032 0.7785882049939669 0.24993187303678258
-0.755011107874163 -0.18701731782921208 0.628476530841524 -0.0351115939518488 0.18468132203224732 -0.9803131073321352 -0.0698499884411974 0.05570850627242512 0.6291669383232489 0.06333035942406716 0.7746858907300224 0.2499624512207234
-0.7513520439499026 -0.18813104731851377 0.6325162567769642 -0.03506714372597556 0.18588569326741927 -0.9800257785923474 -0.07068226321329914 0.05571332383030246 0.6331797652253224 0.06446845995758167 0.7713152420248824 0.24999177688568708
-0.7470015528114589 -0.19029041333088645 0.6370072516789975 -0.03502167851314535 0.18717472459425952 -0.9796002343346453 -0.07313688101478781 0.055723315840082215 0.6379297003356501 0.06459829321172912 0.7673804518905853 0.25002553139791683
-0.7427430825849297 -0.1912612433409215 0.6416789306716572 -0.03497973674084865 0.18799874653708762 -0.9793547507899709 -0.074301705267093 0.05573469816376783 0.6426423457668508 0.0654477570341327 0.7633658405551567 0.2500571290966011
-0.7392148518852558 -0.19270645703064257 0.6453104866426367 -0.03493403883491319 0.18963906077421547 -0.9789765525101343 -0.07511282356592577 0.05574046974285011 0.6462185616190028 0.06685155984769234 0.760218678779335 0.25008424358283493
-0.7348006453412315 -0.19522792443691805 0.6495799174283043 -0.03488890608776116 0.19173896741627 -0.9784080182523327 -0.0771616368001967 0.055749012686792825 0.650618305906199 0.06785136210567876 0.7563676438612056 0.25011496288153473
-0.7305823857124413 -0.19756586747201507 0.6536184710492414 -0.03484462550141692 0.1941498504907426 -0.977821927611286 -0.07855006961786608 0.055758666381110544 0.6546412859277515 0.06951263117289903 0.7527368603079568 0.25014343241150383
-0.7266028284569372 -0.20077269605301926 0.6570682264407409 -0.0347985571207778 0.19821039641030477 -0.9769441196717432 -0.07932733320661035 0.05576620516906644 0.6578457026030106 0.07259828894956614 0.7496455962708957 0.25016988492636044
-0.7225890169175929 -0.204883188626781 0.6602181394419497 -0.03475187929598883 0.20342030887653628 -0.9758029182935007 -0.08018006352243787 0.05577399538023258 0.6606703342565348 0.07636454457410499 0.7467818729490882 0.2501962130743768
-0.7190295921007631 -0.208214109182609 0.6630560537546605 -0.034705817266841826 0.20768577471408142 -0.9748441479103097 -0.08090430313916827 0.05578269421757674 0.663221731146396 0.07953472211754561 0.7441848986057582 0.250222420709707
-0.7159714255819924 -0.21023632075888152 0.6657218692395935 -0.034657582368169765 0.21048290035885395 -0.9742121182107648 -0.08128774438880661 0.055791184399164584 0.6656439486742253 0.08192336763746887 0.7417591896487175 0.2502417708084464
-0.711214970240998 -0.2109543642007892 0.6705755157547415 -0.03461434336636638 0.21203885369683392 -0.9738590642727183 -0.08147421344694603 0.055800113040870875 0.6702333851935678 0.08424238338572013 0.7373536669831271 0.25027162873007613
-0.707800147897269 -0.2112649208480966 0.674081659634537 -0.03456941854792202 0.21265341687862147 -0.9736913990142259 -0.08187541618561082 0.05580853423571357 0.6736449175392415 0.08539433649117044 0.7341051235135071 0.25029732250939224
-0.7034221175261525 -0.2107243449842953 0.6788170408924368 -0.034525615996427 0.21248147018919808 -0.9737113135020884 -0.08208472930012807 0.05581755184329132 0.6782690833299578 0.08649582873744883 0.7297050926297288 0.2503249120571686
-0.6988766370436671 -0.21023593705876648 0.6836463244716211 -0.034483044185532 0.21196879473138658 -0.973765652552781 -0.08276281754858322 0.05582842239084949 0.6831110277653685 0.08707068782017954 0.7251055227122898 0.25035431512379935
-0.6947239889943225 -0.2095854316398447 0.6880643327190826 -0.03443943802561776 0.21139481658233414 -0.9738534778868569 -0.08319636488329614 0.055840105857415875 0.6875105894733097 0.08765472293044592 0.7208646467333858 0.25038365564960857
-0.6907937891778267 -0.208818891696836 0.6922417289530051 -0.034394206346921384 0.21128392562252632 -0.9738993560698698 -0.082940623461778 0.055850360072564796 0.6914933431399578 0.08896468241498273 0.7168837016392033 0.25041014913091375
-0.6865685567770162 -0.20964948529956864 0.6961829573888975 -0.03434721010991184 0.21275705802609055 -0.9735431847225299 -0.08335527422063525 0.05585616707196965 0.695239563823297 0.09088872754055098 0.7130085470040677 0.25043913989730665
-0.6824623363113319 -0.21137561293535184 0.6996895810090951 -0.0342933030391976 0.21484126481165527 -0.9729962017912109 -0.08438970454981691 0.05586853433663382 0.6986332302793841 0.09272939963184003 0.7094454651298517 0.2504652616255789
-0.6778493387027882 -0.21171156266347368 0.7040585829707517 -0.03424245174947239 0.21647517295893348 -0.972662158047866 -0.0840644145525804 0.055876558650261234 0.7026085492737708 0.09542819570891142 0.7051486977589544 0.250492043893116
-0.6731494801960991 -0.21151724432975338 0.7086114821697916 -0.03419187129117679 0.21665392165478298 -0.9725845798580091 -0.08450037428333124 0.05588323157881148 0.707057886981911 0.09664207351649345 0.7005208448598143 0.2505237210112433
-0.6687908112572528 -0.21046625941069702 0.7130377300168171 -0.034135525356773395 0.21467703136920757 -0.9729076760027503 -0.08581623492924982 0.05589439712977393 0.7117813027752067 0.09567971375687277 0.6958539856859577 0.2505543862078788
-0.6631638835068391 -0.20859929512351233 0.7188184733895628 -0.03408649116052804 0.2130643117373684 -0.9732574704418683 -0.08586905899669325 0.05590400134665784 0.7175076742976407 0.0962093046595281 0.6898742689946632 0.25058672207048255
-0.6578460364176578 -0.20842377096232556 0.7237389889092766 -0.03403403613776842 0.21311747502104683 -0.9731858828751124 -0.0865458214660975 0.0559163648356998 0.7223707733638117 0.09730760027064793 0.6846252235488675 0.2506187054339804
-0.6532023108788292 -0.20931894626395983 0.727675971705472 -0.033976774527141956 0.214606428136801 -0.972801316295077 -0.08718761389629619 0.05592760646219956 0.7261341625794241 0.09921279025161546 0.6803572592289784 0.25064317487386295
-0.6475698799765124 -0.2103605524454849 0.7323944896857406 -0.033917620732163915 0.2168625350426479 -0.9722716370912552 -0.08751288249605008 0.0559366659721956 0.7304956477913351 0.10215821887015036 0.6752331500120508 0.2506715206230174
