0.0000000000e+00 9.695522210779e-01 -2.448525257764e-01 3.966260685132e-03 0.000000000000e+00 2.448525257764e-01 9.690355586356e-01 -3.189555957849e-02 0.000000000000e+00 3.966260685132e-03 3.189555957849e-02 9.994833375576e-01 -2.710505431214e-20
6.6714048386e-02 9.695522210779e-01 -2.448525257764e-01 3.966260685132e-03 0.000000000000e+00 2.448525257764e-01 9.690355586356e-01 -3.189555957849e-02 0.000000000000e+00 3.966260685132e-03 3.189555957849e-02 9.994833375576e-01 -2.710505431214e-20
1.3342785835e-01 9.695560858834e-01 -2.448525257764e-01 2.870008250274e-03 -4.499208731908e-04 2.448163057037e-01 9.690355586356e-01 -3.217238818412e-02 1.345280907972e-03 5.096350459046e-03 3.189555957849e-02 9.994782141153e-01 -3.244031582522e-04
2.0014214516e-01 9.695592604282e-01 -2.448525257764e-01 1.442615279435e-03 -1.213621463381e-03 2.447686758945e-01 9.690355586356e-01 -3.253277425537e-02 3.195322590116e-03 6.567786443736e-03 3.189555957849e-02 9.994696280830e-01 -6.920056330044e-04
2.6685619354e-01 9.695545466251e-01 -2.448525257764e-01 3.349886487647e-03 -2.194805862147e-03 2.448321993346e-01 9.690355586356e-01 -3.205121321989e-02 2.261243049631e-03 4.601661387164e-03 3.189555957849e-02 9.994806141150e-01 2.338981680692e-04
3.3357024193e-01 9.695513576813e-01 -2.448525257764e-01 4.171982647762e-03 -4.409733471737e-03 2.448592879454e-01 9.690355586356e-01 -3.184360542991e-02 4.968438699835e-03 3.754187683646e-03 3.189555957849e-02 9.994841566298e-01 7.740095695911e-04
4.0028429031e-01 9.695514451574e-01 -2.448525257764e-01 4.151603809757e-03 -7.206403134563e-03 2.448586185759e-01 9.690355586356e-01 -3.184875207911e-02 8.728816181222e-03 3.775195672373e-03 3.189555957849e-02 9.994840775004e-01 1.157687484626e-03
4.6699857712e-01 9.695557889387e-01 -2.448525257764e-01 2.968628715355e-03 -8.482112640001e-03 2.448195769208e-01 9.690355586356e-01 -3.214748600127e-02 2.856609553704e-03 4.994686359206e-03 3.189555957849e-02 9.994787273311e-01 2.214402253958e-03
5.3371262550e-01 9.695573191116e-01 -2.448525257764e-01 2.417763011195e-03 -8.500622495511e-03 2.448012724104e-01 9.690355586356e-01 -3.228657811138e-02 2.653689031968e-03 5.562551869045e-03 3.189555957849e-02 9.994757282175e-01 2.885355383280e-03
6.0042667389e-01 9.695578056862e-01 -2.448525257764e-01 2.214058233268e-03 -7.698816293117e-03 2.447944835729e-01 9.690355586356e-01 -3.233801033089e-02 5.420946762332e-03 5.772542351173e-03 3.189555957849e-02 9.994745374615e-01 3.120152076929e-03
6.6714119911e-01 9.695590918043e-01 -2.448525257764e-01 1.551812009556e-03 -6.627046214535e-03 2.447723383501e-01 9.690355586356e-01 -3.250520694471e-02 3.886252257209e-03 6.455221003719e-03 3.189555957849e-02 9.994703614420e-01 1.875622335401e-03
7.3385524750e-01 9.695601893176e-01 -2.448525257764e-01 5.290665215065e-04 -6.776347485816e-03 2.447379138761e-01 9.690355586356e-01 -3.276338827821e-02 4.783809980495e-03 7.509514100689e-03 3.189555957849e-02 9.994629960520e-01 1.703412278224e-03
8.0056929588e-01 9.695602916401e-01 -2.448525257764e-01 -2.854744051587e-04 -7.496086270622e-03 2.447103025398e-01 9.690355586356e-01 -3.296898437586e-02 5.870821823242e-03 8.349173946390e-03 3.189555957849e-02 9.994563345007e-01 2.084709342967e-03
8.6728334427e-01 9.695574411462e-01 -2.448525257764e-01 2.368319880322e-03 -6.846136230604e-03 2.447996256196e-01 9.690355586356e-01 -3.229906184972e-02 -2.805735140150e-03 5.613520695855e-03 3.189555957849e-02 9.994754432524e-01 1.653739452455e-03
9.3399786949e-01 9.695583165929e-01 -2.448525257764e-01 1.977712448543e-03 -7.678743109584e-03 2.447865933760e-01 9.690355586356e-01 -3.239768206611e-02 -2.789863557039e-03 6.016180595793e-03 3.189555957849e-02 9.994731006136e-01 1.556382461045e-03
1.0007128716e+00 9.695603291403e-01 -2.448525257764e-01 9.369276995372e-05 -9.199235466118e-03 2.447231770490e-01 9.690355586356e-01 -3.287328269136e-02 2.142361973992e-03 7.958314671868e-03 3.189555957849e-02 9.994595231958e-01 1.515085731414e-03
1.0674276352e+00 9.695594450986e-01 -2.448525257764e-01 1.312646575712e-03 -9.126666992584e-03 2.447643127014e-01 9.690355586356e-01 -3.256558502027e-02 4.143482297506e-03 6.701764537811e-03 3.189555957849e-02 9.994687386963e-01 3.988453228186e-04
1.1341428757e+00 9.695586861634e-01 -2.448525257764e-01 1.787374079419e-03 -8.626911389852e-03 2.447802285251e-01 9.690355586356e-01 -3.244573659316e-02 2.826134978761e-03 6.212391515969e-03 3.189555957849e-02 9.994719002908e-01 3.351043523870e-04
1.2008578777e+00 9.695589602056e-01 -2.448525257764e-01 1.631963861273e-03 -8.006635644280e-03 2.447750246657e-01 9.690355586356e-01 -3.248497190662e-02 2.840605461035e-04 6.372596409129e-03 3.189555957849e-02 9.994708916693e-01 1.060136851992e-03
1.2675731182e+00 9.695603111902e-01 -2.448525257764e-01 2.087717821671e-04 -8.383531111313e-03 2.447270771195e-01 9.690355586356e-01 -3.284423578700e-02 3.420652412374e-03 7.839686809082e-03 3.189555957849e-02 9.994604607437e-01 2.853239763544e-03
1.3342883587e+00 9.695600856941e-01 -2.448525257764e-01 6.934332784247e-04 -1.046467536092e-02 2.447434646427e-01 9.690355586356e-01 -3.272189808919e-02 3.184042824964e-03 7.340077890999e-03 3.189555957849e-02 9.994642547564e-01 2.499831276373e-03
1.4010033607e+00 9.695579394621e-01 -2.448525257764e-01 2.154680253715e-03 -1.268957733419e-02 2.447925026589e-01 9.690355586356e-01 -3.235300205386e-02 6.806343093898e-04 5.833752485995e-03 3.189555957849e-02 9.994741820633e-01 1.033908219359e-03
1.4677188396e+00 9.695580388906e-01 -2.448525257764e-01 2.109465208749e-03 -8.768685978958e-03 2.447909936202e-01 9.690355586356e-01 -3.236441784334e-02 -3.453039261711e-03 5.880362657241e-03 3.189555957849e-02 9.994739089212e-01 8.266884903288e-04
1.5344338417e+00 9.695577561900e-01 -2.448525257764e-01 2.235628033828e-03 -6.588968189226e-03 2.447952029377e-01 9.690355586356e-01 -3.233256436774e-02 -2.326907583009e-03 5.750306989605e-03 3.189555957849e-02 9.994746656363e-01 6.777795391778e-04
1.6011490822e+00 9.695576815763e-01 -2.448525257764e-01 2.267756004355e-03 -5.716124718657e-03 2.447962741987e-01 9.690355586356e-01 -3.232445263790e-02 5.711175450689e-04 5.717187666199e-03 3.189555957849e-02 9.994748556339e-01 5.233748739497e-04
1.6678643227e+00 9.695599487012e-01 -2.448525257764e-01 8.639997028585e-04 -6.660022421079e-03 2.447492173399e-01 9.690355586356e-01 -3.267884195286e-02 -5.927657680876e-03 7.164250556884e-03 3.189555957849e-02 9.994655305678e-01 9.284319543635e-05
1.7345795631e+00 9.695595584476e-01 -2.448525257764e-01 1.226068485498e-03 -6.388840295307e-03 2.447614037388e-01 9.690355586356e-01 -3.258744144144e-02 -6.819913151887e-03 6.791013385755e-03 3.189555957849e-02 9.994681362687e-01 -4.026674095747e-04
1.8012948036e+00 9.695572378851e-01 -2.448525257764e-01 2.450119513831e-03 -5.681894262092e-03 2.448023497563e-01 9.690355586356e-01 -3.227840847497e-02 -4.556776826119e-03 5.529196911328e-03 3.189555957849e-02 9.994759132969e-01 -8.061984586018e-04
1.8680102825e+00 9.695578156965e-01 -2.448525257764e-01 2.209670297480e-03 -7.060074622573e-03 2.447943372180e-01 9.690355586356e-01 -3.233911819897e-02 -4.223135802400e-03 5.777065681280e-03 3.189555957849e-02 9.994745113265e-01 -3.236274487689e-04
1.9347255230e+00 9.695592681656e-01 -2.448525257764e-01 1.437405721012e-03 -5.999784522637e-03 2.447685010884e-01 9.690355586356e-01 -3.253408942641e-02 -5.992857219501e-03 6.573156714042e-03 3.189555957849e-02 9.994695927791e-01 -2.166029802989e-04
2.0014395714e+00 9.695600736679e-01 -2.448525257764e-01 7.100493019382e-04 -3.921256704626e-03 2.447440253846e-01 9.690355586356e-01 -3.271770374589e-02 -8.503834646741e-03 7.322949377821e-03 3.189555957849e-02 9.994643804016e-01 -1.502198710789e-04
2.0681538582e+00 9.695570498554e-01 -2.448525257764e-01 2.523429556816e-03 -4.550835398857e-03 2.448047896878e-01 9.690355586356e-01 -3.225989841568e-02 -7.769588248852e-03 5.453624638101e-03 3.189555957849e-02 9.994763285128e-01 1.104136032585e-03
2.1348681450e+00 9.695577089370e-01 -2.448525257764e-01 2.256027871291e-03 -4.722971380824e-03 2.447958831721e-01 9.690355586356e-01 -3.232741378297e-02 -6.909113773062e-03 5.729277688023e-03 3.189555957849e-02 9.994747864035e-01 1.660140978082e-03
2.2015821934e+00 9.695600445968e-01 -2.448525257764e-01 7.486938479382e-04 -4.720783802259e-03 2.447453292464e-01 9.690355586356e-01 -3.270794875768e-02 -6.046563702182e-03 7.283112905099e-03 3.189555957849e-02 9.994646714845e-01 1.756565069061e-03
2.2682964802e+00 9.695600412293e-01 -2.448525257764e-01 -7.530420521842e-04 -5.310071052188e-03 2.446943748861e-01 9.690355586356e-01 -3.308699138636e-02 -5.646108752493e-03 8.831157937004e-03 3.189555957849e-02 9.994521919175e-01 1.499686255809e-03
2.3350107670e+00 9.695603330842e-01 -2.448525257764e-01 3.362450990484e-05 -6.280719548511e-03 2.447211399440e-01 9.690355586356e-01 -3.288844423808e-02 -3.804914409830e-03 8.020235294809e-03 3.189555957849e-02 9.994590282273e-01 8.173290366372e-04
2.4017248154e+00 9.695588683474e-01 -2.448525257764e-01 1.685654156825e-03 -7.404547411594e-03 2.447768231783e-01 9.690355586356e-01 -3.247141719478e-02 -1.372655431779e-03 6.317249698154e-03 3.189555957849e-02 9.994712430257e-01 2.198854141955e-04
2.4684388638e+00 9.695603317923e-01 -2.448525257764e-01 -6.029778024680e-05 -8.111037131653e-03 2.447179528589e-01 9.690355586356e-01 -3.291215046808e-02 -4.387427330863e-04 8.117053864007e-03 3.189555957849e-02 9.994582466095e-01 1.708323845369e-03
2.5351533890e+00 9.695598623755e-01 -2.448525257764e-01 9.559766805521e-04 -7.910057892328e-03 2.447523163061e-01 9.690355586356e-01 -3.265562375284e-02 3.477559314849e-04 7.069436560004e-03 3.189555957849e-02 9.994662057048e-01 2.138222350841e-03
2.6018674374e+00 9.695539744037e-01 -2.448525257764e-01 3.511600629822e-03 -7.321834987713e-03 2.448375418231e-01 9.690355586356e-01 -3.201037665954e-02 1.210168512581e-03 4.434955698117e-03 3.189555957849e-02 9.994813677339e-01 1.909985246190e-03
2.6685817242e+00 9.695485683275e-01 -2.448525257764e-01 4.776429118061e-03 -8.407914152522e-03 2.448790926162e-01 9.690355586356e-01 -3.169094664656e-02 4.143153625169e-03 3.131078671950e-03 3.189555957849e-02 9.994863028704e-01 9.605506048045e-04
2.7352957726e+00 9.695494594274e-01 -2.448525257764e-01 4.591987038837e-03 -7.465959265130e-03 2.448730594605e-01 9.690355586356e-01 -3.173753062732e-02 5.498796688196e-03 3.321215810578e-03 3.189555957849e-02 9.994856891445e-01 8.800923824420e-04
2.8020102978e+00 9.695521750755e-01 -2.448525257764e-01 3.977490081056e-03 -5.684833484257e-03 2.448528951757e-01 9.690355586356e-01 -3.189272368369e-02 5.467054773722e-03 3.954684625176e-03 3.189555957849e-02 9.994833834280e-01 1.298569413143e-03
2.8687243462e+00 9.695417822325e-01 -2.448525257764e-01 5.997760109775e-03 -5.749690619786e-03 2.449188192295e-01 9.690355586356e-01 -3.138244871130e-02 2.398731992785e-03 1.872029013472e-03 3.189555957849e-02 9.994894540647e-01 1.774434411454e-03
2.9354386330e+00 9.695378600292e-01 -2.448525257764e-01 6.601408255664e-03 -6.913980951114e-03 2.449383108787e-01 9.690355586356e-01 -3.122995299019e-02 4.768799730019e-03 1.249733532717e-03 3.189555957849e-02 9.994904258897e-01 1.495680969802e-03
3.0021514893e+00 9.695397122832e-01 -2.448525257764e-01 6.323521710356e-03 -8.231100021864e-03 2.449293497747e-01 9.690355586356e-01 -3.130015525225e-02 8.494284117098e-03 1.536204677566e-03 3.189555957849e-02 9.994900266408e-01 9.153067295305e-04
3.0688648224e+00 9.695439438249e-01 -2.448525257764e-01 5.637518373601e-03 -6.787917812909e-03 2.449071419132e-01 9.690355586356e-01 -3.147344817167e-02 2.158913781644e-03 2.243397513242e-03 3.189555957849e-02 9.994886895042e-01 1.050264618465e-03
3.1355776787e+00 9.695436952267e-01 -2.448525257764e-01 5.680111539458e-03 -5.429818624324e-03 2.449085243413e-01 9.690355586356e-01 -3.146268909121e-02 7.175265969127e-05 2.199488832949e-03 3.189555957849e-02 9.994887870947e-01 7.508614242162e-04
3.2022905350e+00 9.695420462858e-01 -2.448525257764e-01 5.954922740120e-03 -4.640442199570e-03 2.449174324165e-01 9.690355586356e-01 -3.139326995393e-02 8.024368407683e-04 1.916189556495e-03 3.189555957849e-02 9.994893703771e-01 4.508162730919e-04
3.2690036297e+00 9.695470115644e-01 -2.448525257764e-01 5.082616208075e-03 -6.929086418119e-03 2.448890885331e-01 9.690355586356e-01 -3.161361126623e-02 4.269916863604e-03 2.815436730926e-03 3.189555957849e-02 9.994872418371e-01 1.567418537603e-03
3.3357164860e+00 9.695449498514e-01 -2.448525257764e-01 5.461761485832e-03 -8.454192172280e-03 2.449014324516e-01 9.690355586356e-01 -3.151784388293e-02 5.241677601966e-03 2.424582589202e-03 3.189555957849e-02 9.994882664036e-01 8.121737821844e-04
3.4024293423e+00 9.695391759610e-01 -2.448525257764e-01 6.405224252119e-03 -8.873000395566e-03 2.449319865515e-01 9.690355586356e-01 -3.127951508308e-02 4.655424737373e-03 1.451978211813e-03 3.189555957849e-02 9.994901525470e-01 -5.473846033700e-04
3.4691421986e+00 9.695388433870e-01 -2.448525257764e-01 6.455368676472e-03 -5.293592763268e-03 2.449336039961e-01 9.690355586356e-01 -3.126684719256e-02 2.986468242156e-03 1.400284716559e-03 3.189555957849e-02 9.994902263063e-01 5.670547078974e-04
3.5358555317e+00 9.695345597213e-01 -2.448525257764e-01 7.069520981779e-03 -5.247406568198e-03 2.449533608145e-01 9.690355586356e-01 -3.111168792510e-02 3.827873830285e-03 7.671581557631e-04 3.189555957849e-02 9.994909127889e-01 1.168639341915e-03
3.6025683880e+00 9.695298789237e-01 -2.448525257764e-01 7.684692258370e-03 -6.876134074560e-03 2.449730519691e-01 9.690355586356e-01 -3.095625799158e-02 5.270685492124e-03 1.329779022922e-04 3.189555957849e-02 9.994911983585e-01 1.607761320088e-03
3.6692812443e+00 9.695388551964e-01 -2.448525257764e-01 6.453594757779e-03 -7.144535976359e-03 2.449335467882e-01 9.690355586356e-01 -3.126729533577e-02 2.400710464577e-03 1.402113435846e-03 3.189555957849e-02 9.994902237426e-01 2.702896425810e-03
3.7359941006e+00 9.695446510171e-01 -2.448525257764e-01 5.514553932115e-03 -6.768133552799e-03 2.449031482590e-01 9.690355586356e-01 -3.150450876834e-02 4.844445614333e-05 2.370159695039e-03 3.189555957849e-02 9.994883969423e-01 3.353478972874e-03
3.8027069569e+00 9.695412329227e-01 -2.448525257764e-01 6.085908616440e-03 -3.897434658254e-03 2.449216714380e-01 9.690355586356e-01 -3.136018112017e-02 7.331333354080e-04 1.781157700141e-03 3.189555957849e-02 9.994896201344e-01 1.997942213194e-03
3.8694195747e+00 9.695385369318e-01 -2.448525257764e-01 6.501232581453e-03 -5.552142003431e-03 2.449350827963e-01 9.690355586356e-01 -3.125526060446e-02 3.602832309102e-03 1.353003956413e-03 3.189555957849e-02 9.994902914283e-01 2.150938476581e-03
3.9361324310e+00 9.695268257964e-01 -2.448525257764e-01 8.060687447615e-03 -4.637339145063e-03 2.449850387698e-01 9.690355586356e-01 -3.086125206184e-02 3.947258030938e-03 -2.546372478231e-04 3.189555957849e-02 9.994911747680e-01 1.928460463841e-03
4.0028462410e+00 9.695116613207e-01 -2.448525257764e-01 9.714894962643e-03 -2.898330919953e-03 2.450373380426e-01 9.690355586356e-01 -3.044321048936e-02 2.865201971604e-03 -1.959981686149e-03 3.189555957849e-02 9.994892854608e-01 1.519040314278e-03
4.0695598125e+00 9.695245534551e-01 -2.448525257764e-01 8.329517909542e-03 -4.170643773676e-03 2.449935865719e-01 9.690355586356e-01 -3.079332132953e-02 1.331033424484e-03 -5.317765360596e-04 3.189555957849e-02 9.994910657394e-01 1.181632444714e-03
4.1362733841e+00 9.695268718885e-01 -2.448525257764e-01 8.055141657205e-03 -5.724503368188e-03 2.449848622364e-01 9.690355586356e-01 -3.086265340023e-02 2.501493924449e-03 -2.489200584717e-04 3.189555957849e-02 9.994911762082e-01 1.682588330056e-03
4.2029869556e+00 9.695254088072e-01 -2.448525257764e-01 8.229355878641e-03 -7.484058157480e-03 2.449904039936e-01 9.690355586356e-01 -3.081863155493e-02 4.968960612524e-03 -4.285186938741e-04 3.189555957849e-02 9.994911153437e-01 2.399295422164e-03
4.2697007656e+00 9.695311149493e-01 -2.448525257764e-01 7.527135321624e-03 -9.552134615410e-03 2.449680180796e-01 9.690355586356e-01 -3.099606778324e-02 6.702620836186e-03 2.954037045466e-04 3.189555957849e-02 9.994911635506e-01 1.874065752165e-03
4.3364143372e+00 9.695298427582e-01 -2.448525257764e-01 7.689253681975e-03 -9.232856506359e-03 2.449731976087e-01 9.690355586356e-01 -3.095510544720e-02 5.987700179062e-03 1.282755172171e-04 3.189555957849e-02 9.994911989730e-01 1.456162666760e-03
4.4031279087e+00 9.695268891495e-01 -2.448525257764e-01 8.053063831473e-03 -7.881575211794e-03 2.449847960930e-01 9.690355586356e-01 -3.086317843547e-02 4.195524164778e-03 -2.467780152475e-04 3.189555957849e-02 9.994911767393e-01 1.365929541211e-03
4.4698414803e+00 9.695356192405e-01 -2.448525257764e-01 6.922690578681e-03 -7.727478274794e-03 2.449486463229e-01 9.690355586356e-01 -3.114878431799e-02 3.530440415287e-03 9.185251829484e-04 3.189555957849e-02 9.994907851454e-01 2.731156983726e-03
4.5365550518e+00 9.695430314277e-01 -2.448525257764e-01 5.792307915774e-03 -7.573381337793e-03 2.449121635904e-01 9.690355586356e-01 -3.143434785950e-02 2.865356665796e-03 2.083827132580e-03 3.189555957849e-02 9.994890349292e-01 4.096384426241e-03
4.6032688618e+00 9.695531751434e-01 -2.448525257764e-01 3.725746955439e-03 -7.990476808936e-03 2.448446060168e-01 9.690355586356e-01 -3.195629835206e-02 5.713024862695e-03 4.214199083665e-03 3.189555957849e-02 9.994823229078e-01 1.509929135860e-03
4.6699826717e+00 9.695563209231e-01 -2.448525257764e-01 2.789476477416e-03 -7.466313432231e-03 2.448136326062e-01 9.690355586356e-01 -3.219272262519e-02 3.913158234055e-03 5.179367549802e-03 3.189555957849e-02 9.994777873625e-01 1.283212169515e-03
4.7366962433e+00 9.695585912814e-01 -2.448525257764e-01 1.838122225672e-03 -6.574673748646e-03 2.447819264481e-01 9.690355586356e-01 -3.243292438622e-02 3.079993287143e-03 6.160077656485e-03 3.189555957849e-02 9.994722240875e-01 1.939911772247e-03
4.8034098148e+00 9.695595249362e-01 -2.448525257764e-01 1.252288448783e-03 -5.625144847882e-03 2.447622849170e-01 9.690355586356e-01 -3.258082230533e-02 3.046821106208e-03 6.763984596791e-03 3.189555957849e-02 9.994683195537e-01 2.814944964093e-03
4.8701236248e+00 9.695565944284e-01 -2.448525257764e-01 2.692734922694e-03 -5.363865807219e-03 2.448104192239e-01 9.690355586356e-01 -3.221714977001e-02 4.580734675787e-03 5.279094604432e-03 3.189555957849e-02 9.994772655940e-01 2.448263888182e-03
4.9368374348e+00 9.695593641256e-01 -2.448525257764e-01 1.371151795097e-03 -6.348227706157e-03 2.447662773305e-01 9.690355586356e-01 -3.255081537623e-02 5.674304660725e-03 6.641454515213e-03 3.189555957849e-02 9.994691412751e-01 2.906055878849e-03
5.0035512447e+00 9.695600584913e-01 -2.448525257764e-01 -7.304788212155e-04 -7.490496372875e-03 2.446951448076e-01 9.690355586356e-01 -3.308129694341e-02 6.717234911175e-03 8.807899065140e-03 3.189555957849e-02 9.994523971622e-01 3.596863672952e-03
5.0702650547e+00 9.695600232888e-01 -2.448525257764e-01 7.757971372085e-04 -6.190832130647e-03 2.447462434758e-01 9.690355586356e-01 -3.270110708145e-02 8.649790702977e-03 7.255173652333e-03 3.189555957849e-02 9.994648746877e-01 3.325691513833e-03
5.1369793415e+00 9.695585413405e-01 -2.448525257764e-01 1.864278586074e-03 -6.593840337293e-03 2.447828013214e-01 9.690355586356e-01 -3.242632074622e-02 7.573240566036e-03 6.133114295238e-03 3.189555957849e-02 9.994723899079e-01 3.206568965186e-03
5.2036931515e+00 9.695569831828e-01 -2.448525257764e-01 2.548917889485e-03 -7.382063932379e-03 2.448056376720e-01 9.690355586356e-01 -3.225346282023e-02 5.047716407791e-03 5.427349765613e-03 3.189555957849e-02 9.994764715358e-01 2.993646856967e-03
5.2704069614e+00 9.695577112920e-01 -2.448525257764e-01 2.255015562732e-03 -5.748519646826e-03 2.447958494191e-01 9.690355586356e-01 -3.232766937265e-02 2.910992362495e-03 5.730321232794e-03 3.189555957849e-02 9.994747804211e-01 1.915078034864e-03
5.3371210098e+00 9.695578179505e-01 -2.448525257764e-01 2.208681040414e-03 -5.250691375417e-03 2.447943042217e-01 9.690355586356e-01 -3.233936796697e-02 1.799456739616e-03 5.778085462877e-03 3.189555957849e-02 9.994745054315e-01 1.190187701623e-03
5.4038348198e+00 9.695576356847e-01 -2.448525257764e-01 2.287292386488e-03 -5.376316494146e-03 2.447969254799e-01 9.690355586356e-01 -3.231952003810e-02 1.479026418179e-03 5.697048457704e-03 3.189555957849e-02 9.994749706311e-01 6.587187854847e-04
5.4705491066e+00 9.695574656733e-01 -2.448525257764e-01 2.358257432273e-03 -5.784732313831e-03 2.447992903941e-01 9.690355586356e-01 -3.230160247464e-02 2.544855184141e-03 5.623893644250e-03 3.189555957849e-02 9.994753849392e-01 2.116746242738e-04
5.5372631550e+00 9.695589347456e-01 -2.448525257764e-01 1.647020310299e-03 -6.964004506398e-03 2.447755291010e-01 9.690355586356e-01 -3.248117074890e-02 4.860047573770e-03 6.357075451566e-03 3.189555957849e-02 9.994709905099e-01 -2.548685421623e-03
5.6039769650e+00 9.695599714651e-01 -2.448525257764e-01 8.380653428152e-04 -8.592402325482e-03 2.447483431395e-01 9.690355586356e-01 -3.268538863718e-02 7.265988291323e-03 7.190984846147e-03 3.189555957849e-02 9.994653385766e-01 -6.445969649106e-03
5.6706912518e+00 9.695590074679e-01 -2.448525257764e-01 1.603639217091e-03 -1.053297103520e-02 2.447740755471e-01 9.690355586356e-01 -3.249212273721e-02 7.065857206964e-03 6.401794895457e-03 3.189555957849e-02 9.994707050741e-01 -1.025005235136e-02
5.7374053001e+00 9.695579614781e-01 -2.448525257764e-01 2.144750634916e-03 -1.176410084573e-02 2.447921713064e-01 9.690355586356e-01 -3.235550906707e-02 5.433636728148e-03 5.843988488212e-03 3.189555957849e-02 9.994741222652e-01 -1.503314422878e-02
5.8041191101e+00 9.695577178038e-01 -2.448525257764e-01 2.252214045872e-03 -1.317405163551e-02 2.447957560079e-01 9.690355586356e-01 -3.232837670504e-02 3.832524002599e-03 5.733209194370e-03 3.189555957849e-02 9.994747638593e-01 -2.048242696254e-02
5.8708331585e+00 9.695600437742e-01 -2.448525257764e-01 7.497582518390e-04 -1.712434246698e-02 2.447453651538e-01 9.690355586356e-01 -3.270768007097e-02 5.768608631928e-03 7.282015671249e-03 3.189555957849e-02 9.994646794794e-01 -2.682884151960e-02
5.9375474453e+00 9.695600499663e-01 -2.448525257764e-01 7.417077012739e-04 -1.821825440646e-02 2.447450935636e-01 9.690355586356e-01 -3.270971226470e-02 3.973720150760e-03 7.290314528780e-03 3.189555957849e-02 9.994646189802e-01 -3.555280011361e-02
6.0042600632e+00 9.695593744180e-01 -2.448525257764e-01 1.363854506359e-03 -1.845732128407e-02 2.447660323332e-01 9.690355586356e-01 -3.255265758348e-02 7.561328441345e-04 6.648976916581e-03 3.189555957849e-02 9.994690912605e-01 -4.579395460342e-02
6.0709729195e+00 9.695592590992e-01 -2.448525257764e-01 1.443508207480e-03 -2.119947940822e-02 2.447687058558e-01 9.690355586356e-01 -3.253254883250e-02 -6.450175960804e-04 6.566865969350e-03 3.189555957849e-02 9.994696341313e-01 -5.777615915400e-02
6.1376855373e+00 9.695594836681e-01 -2.448525257764e-01 1.283841990355e-03 -2.546025995847e-02 2.447633451043e-01 9.690355586356e-01 -3.257285669453e-02 1.650756106948e-03 6.731457693083e-03 3.189555957849e-02 9.994685391529e-01 -7.005726993353e-02
6.2043981552e+00 9.695597601775e-01 -2.448525257764e-01 1.054545180027e-03 -3.043904939511e-02 2.447556349147e-01 9.690355586356e-01 -3.263074129398e-02 4.336292898757e-03 6.967827646152e-03 3.189555957849e-02 9.994669192410e-01 -8.269158944589e-02
6.2711110115e+00 9.695597418819e-01 -2.448525257764e-01 1.071234261374e-03 -3.536119390198e-02 2.447561965530e-01 9.690355586356e-01 -3.262652829794e-02 6.033240771436e-04 6.950623770164e-03 3.189555957849e-02 9.994670390305e-01 -9.629455125938e-02
6.3378236294e+00 9.695593850962e-01 -2.448525257764e-01 1.356242191310e-03 -3.998662877169e-02 2.447657767445e-01 9.690355586356e-01 -3.255457931744e-02 -2.835690767384e-04 6.656824061959e-03 3.189555957849e-02 9.994690390265e-01 -1.116700524636e-01
6.4045362473e+00 9.695582244699e-01 -2.448525257764e-01 2.022370821018e-03 -4.547536753585e-02 2.447880853709e-01 9.690355586356e-01 -3.238640703034e-02 1.171363221340e-03 5.970144323888e-03 3.189555957849e-02 9.994733766619e-01 -1.279772164914e-01
6.4712491035e+00 9.695526051478e-01 -2.448525257764e-01 3.871236497011e-03 -5.558484796534e-02 2.448493985707e-01 9.690355586356e-01 -3.191955700614e-02 7.171320346922e-03 4.064218333125e-03 3.189555957849e-02 9.994829440308e-01 -1.446913823559e-01
6.5379617214e+00 9.695512360009e-01 -2.448525257764e-01 4.200165486111e-03 -6.016768082736e-02 2.448602134693e-01 9.690355586356e-01 -3.183648786656e-02 6.475311614121e-03 3.725134757780e-03 3.189555957849e-02 9.994842653340e-01 -1.605071253301e-01
6.6046743393e+00 9.695501900800e-01 -2.448525257764e-01 4.435035139935e-03 -6.305473724573e-02 2.448679185422e-01 9.690355586356e-01 -3.177717055841e-02 3.419506681565e-03 3.483013718856e-03 3.189555957849e-02 9.994851384061e-01 -1.765592238343e-01
6.6713869572e+00 9.695298272896e-01 -2.448525257764e-01 7.691203855055e-03 -7.016932818768e-02 2.449732598733e-01 9.690355586356e-01 -3.095461269269e-02 4.086740540276e-03 1.262650779722e-04 3.189555957849e-02 9.994911992290e-01 -1.956452635256e-01
6.7380993366e+00 9.695358163649e-01 -2.448525257764e-01 6.895027675108e-03 -7.470235974651e-02 2.449477574825e-01 9.690355586356e-01 -3.115577320799e-02 7.023911252588e-03 9.470427675363e-04 3.189555957849e-02 9.994907585311e-01 -2.151110951635e-01
6.8048119545e+00 9.695505026228e-01 -2.448525257764e-01 4.366175087245e-03 -7.823734297045e-02 2.448656610252e-01 9.690355586356e-01 -3.179456165121e-02 9.572441538621e-03 3.553999811481e-03 3.189555957849e-02 9.994848885123e-01 -2.345385728008e-01
6.8715245724e+00 9.695561666084e-01 -2.448525257764e-01 2.842606632630e-03 -8.273917043846e-02 2.448153963492e-01 9.690355586356e-01 -3.217930717536e-02 5.568316676471e-03 5.124597733387e-03 3.189555957849e-02 9.994780696830e-01 -2.529893632255e-01
6.9382369518e+00 9.695493899716e-01 -2.448525257764e-01 4.606628559189e-03 -8.882155457872e-02 2.448735387127e-01 9.690355586356e-01 -3.173383270610e-02 4.117599186728e-03 3.306122211374e-03 3.189555957849e-02 9.994857391855e-01 -2.729515399941e-01
7.0049505234e+00 9.695325655261e-01 -2.448525257764e-01 7.337915595221e-03 -9.548526016331e-02 2.449619640333e-01 9.690355586356e-01 -3.104387663971e-02 4.381160321676e-03 4.904704670861e-04 3.189555957849e-02 9.994910868627e-01 -2.934400069579e-01
7.0716638565e+00 9.695331564992e-01 -2.448525257764e-01 7.259412483815e-03 -1.014812094678e-01 2.449594496065e-01 9.690355586356e-01 -3.106371111714e-02 6.982284093170e-03 5.713992954005e-04 3.189555957849e-02 9.994910438728e-01 -3.131582957348e-01
7.1383769512e+00 9.695325989208e-01 -2.448525257764e-01 7.333501943062e-03 -1.047461745420e-01 2.449618227082e-01 9.690355586356e-01 -3.104499179211e-02 5.924592848237e-03 4.950205008543e-04 3.189555957849e-02 9.994910846195e-01 -3.336505231932e-01
7.2050900459e+00 9.695309546168e-01 -2.448525257764e-01 7.547758665322e-03 -1.078066078864e-01 2.449686773559e-01 9.690355586356e-01 -3.099085694806e-02 4.135463030504e-03 2.741430650084e-04 3.189555957849e-02 9.994911696082e-01 -3.542406970950e-01
7.2718033791e+00 9.695267731751e-01 -2.448525257764e-01 8.067014173231e-03 -1.154301546504e-01 2.449852401522e-01 9.690355586356e-01 -3.085965339148e-02 6.467491872029e-03 -2.611595083899e-04 3.189555957849e-02 9.994911730850e-01 -3.737117923364e-01
7.3385164738e+00 9.695285584885e-01 -2.448525257764e-01 7.849515665345e-03 -1.221874179358e-01 2.449783111027e-01 9.690355586356e-01 -3.091461125657e-02 5.917006679197e-03 -3.693914822077e-05 3.189555957849e-02 9.994912065219e-01 -3.945115967689e-01
7.4052298069e+00 9.695329453444e-01 -2.448525257764e-01 7.287558767072e-03 -1.280947076181e-01 2.449603513065e-01 9.690355586356e-01 -3.105659974457e-02 4.248677189489e-03 5.423833085450e-04 3.189555957849e-02 9.994910600398e-01 -4.157676424049e-01
7.4719429016e+00 9.695370117979e-01 -2.448525257764e-01 6.724832703689e-03 -1.320573660225e-01 2.449422845421e-01 9.690355586356e-01 -3.119877150104e-02 3.448082961176e-03 1.122495987398e-03 3.189555957849e-02 9.994905768850e-01 -4.363699032271e-01
7.5386559963e+00 9.695431321196e-01 -2.448525257764e-01 5.775429043781e-03 -1.376138069715e-01 2.449116163096e-01 9.690355586356e-01 -3.143861155497e-02 5.277481779497e-03 2.101227336335e-03 3.189555957849e-02 9.994889985002e-01 -4.541897671582e-01
7.6053690910e+00 9.695491965513e-01 -2.448525257764e-01 4.647159093012e-03 -1.438857969765e-01 2.448748650833e-01 9.690355586356e-01 -3.172359611247e-02 8.287649610609e-03 3.264340227082e-03 3.189555957849e-02 9.994858765196e-01 -4.707604384214e-01
7.6720821857e+00 9.695445248610e-01 -2.448525257764e-01 5.536689706401e-03 -1.462920922838e-01 2.449038674779e-01 9.690355586356e-01 -3.149891735064e-02 6.450449771234e-03 2.347340269891e-03 3.189555957849e-02 9.994884507951e-01 -4.979989303726e-01
7.7387952805e+00 9.695290315754e-01 -2.448525257764e-01 7.790863460174e-03 -1.534954442310e-01 2.449764404572e-01 9.690355586356e-01 -3.092943130460e-02 6.006282967255e-03 2.352565037504e-05 3.189555957849e-02 9.994912069277e-01 -5.247940240341e-01
7.8055086136e+00 9.695090731053e-01 -2.448525257764e-01 9.969843904565e-03 -1.628976705707e-01 2.450453351207e-01 9.690355586356e-01 -3.037877277771e-02 6.777387882081e-03 -2.222814012962e-03 3.189555957849e-02 9.994887354928e-01 -5.500470655043e-01
7.8722217083e+00 9.695073389896e-01 -2.448525257764e-01 1.013707385048e-02 -1.706398081154e-01 2.450505714934e-01 9.690355586356e-01 -3.033650458882e-02 7.712486717787e-03 -2.395215249834e-03 3.189555957849e-02 9.994883372121e-01 -5.747654668761e-01
7.9389348030e+00 9.694966436850e-01 -2.448525257764e-01 1.111298809493e-02 -1.779417059727e-01 2.450809844834e-01 9.690355586356e-01 -3.008981795414e-02 7.213667987841e-03 -3.401312700457e-03 3.189555957849e-02 9.994854197791e-01 -6.010587265464e-01
8.0056483746e+00 9.694821757325e-01 -2.448525257764e-01 1.231062784800e-02 -1.844396480874e-01 2.451179683347e-01 9.690355586356e-01 -2.978703911667e-02 5.440544416101e-03 -4.636004370725e-03 3.189555957849e-02 9.994804554080e-01 -6.293562049278e-01
8.0723619461e+00 9.694748740338e-01 -2.448525257764e-01 1.287281002999e-02 -1.884322620444e-01 2.451352000596e-01 9.690355586356e-01 -2.964489486651e-02 1.042471091631e-03 -5.215583274185e-03 3.189555957849e-02 9.994775990338e-01 -6.630253204834e-01
8.1390757561e+00 9.694909987765e-01 -2.448525257764e-01 1.159499513982e-02 -1.953466412490e-01 2.450959140655e-01 9.690355586356e-01 -2.996796636872e-02 3.317462775955e-03 -3.898230334928e-03 3.189555957849e-02 9.994836052079e-01 -6.940890514730e-01
8.2057893276e+00 9.695079952467e-01 -2.448525257764e-01 1.007411403679e-02 -2.037891439034e-01 2.450486009245e-01 9.690355586356e-01 -3.035241810536e-02 7.618145892943e-03 -2.330308486877e-03 3.189555957849e-02 9.994884906499e-01 -7.245542555362e-01
8.2725028992e+00 9.694970691978e-01 -2.448525257764e-01 1.107580416265e-02 -2.132304754932e-01 2.450798302430e-01 9.690355586356e-01 -3.009921773012e-02 8.218614299947e-03 -3.362978588980e-03 3.189555957849e-02 9.994855494974e-01 -7.572505215226e-01
8.3392164707e+00 9.694998530728e-01 -2.448525257764e-01 1.082938191562e-02 -2.224908635441e-01 2.450721718585e-01 9.690355586356e-01 -3.016150991654e-02 8.400054302345e-03 -3.108934269990e-03 3.189555957849e-02 9.994863719966e-01 -7.913500695543e-01
8.4059300423e+00 9.695029650902e-01 -2.448525257764e-01 1.054709923816e-02 -2.316480479671e-01 2.450633795630e-01 9.690355586356e-01 -3.023286451927e-02 7.825057884951e-03 -2.817920963239e-03 3.189555957849e-02 9.994872348363e-01 -8.238531244661e-01
8.4726438522e+00 9.694808451799e-01 -2.448525257764e-01 1.241496879479e-02 -2.407053835169e-01 2.451211727605e-01 9.690355586356e-01 -2.976065799667e-02 4.939557744096e-03 -4.743573942250e-03 3.189555957849e-02 9.994799506671e-01 -8.474996653499e-01
8.5393576622e+00 9.694566559423e-01 -2.448525257764e-01 1.417860607202e-02 -2.500640408445e-01 2.451749070792e-01 9.690355586356e-01 -2.931468980905e-02 2.039037343755e-03 -6.561797613576e-03 3.189555957849e-02 9.994696674193e-01 -8.731686586301e-01
8.6060712337e+00 9.694577033720e-01 -2.448525257764e-01 1.410680664385e-02 -2.638150876238e-01 2.451727353176e-01 9.690355586356e-01 -2.933284774375e-02 -1.051873087305e-03 -6.487775398420e-03 3.189555957849e-02 9.994701506546e-01 -9.310492143535e-01
8.6727848053e+00 9.694462431853e-01 -2.448525257764e-01 1.487354008856e-02 -2.725892575748e-01 2.451958577987e-01 9.690355586356e-01 -2.913893303166e-02 -3.782016745712e-03 -7.278247877374e-03 3.189555957849e-02 9.994647069242e-01 -9.662989007996e-01
8.7394988537e+00 9.694829053013e-01 -2.448525257764e-01 1.225303838017e-02 -2.805851038035e-01 2.451161984844e-01 9.690355586356e-01 -2.980159962890e-02 -5.021108454486e-03 -4.576632950403e-03 3.189555957849e-02 9.994807290338e-01 -1.001146938002e+00
8.8062124252e+00 9.695145587712e-01 -2.448525257764e-01 9.421303074747e-03 -2.887939910965e-01 2.450281078712e-01 9.690355586356e-01 -3.051741229126e-02 -6.586449260036e-03 -1.657312208438e-03 3.189555957849e-02 9.994898331626e-01 -1.036332322779e+00
8.8729259968e+00 9.694889006760e-01 -2.448525257764e-01 1.176911581408e-02 -2.991364244354e-01 2.451012923679e-01 9.690355586356e-01 -2.992394658897e-02 -1.191857560770e-02 -4.077737814041e-03 3.189555957849e-02 9.994828889648e-01 -1.073508521894e+00
8.9396398067e+00 9.694804301264e-01 -2.448525257764e-01 1.244733798090e-02 -3.079830416454e-01 2.451221662779e-01 9.690355586356e-01 -2.975247383225e-02 -9.132848844517e-03 -4.776944747927e-03 3.189555957849e-02 9.994797917307e-01 -1.110198852882e+00
9.0063545704e+00 9.694785963386e-01 -2.448525257764e-01 1.258935511681e-02 -3.161395746964e-01 2.451265220289e-01 9.690355586356e-01 -2.971656605202e-02 -4.871256458053e-03 -4.923356513246e-03 3.189555957849e-02 9.994790812417e-01 -1.146520692355e+00
9.0730693340e+00 9.694662026371e-01 -2.448525257764e-01 1.351009124136e-02 -3.240657282139e-01 2.451546341590e-01 9.690355586356e-01 -2.948374891771e-02 -8.139527804190e-03 -5.872588421435e-03 3.189555957849e-02 9.994739546303e-01 -1.182207710349e+00
9.1397840977e+00 9.694735834955e-01 -2.448525257764e-01 1.296963859854e-02 -3.310355529929e-01 2.451381596920e-01 9.690355586356e-01 -2.962041125147e-02 -1.107781277633e-02 -5.315408475182e-03 3.189555957849e-02 9.994770731297e-01 -1.217833776085e+00
9.2064990997e+00 9.694820038785e-01 -2.448525257764e-01 1.232415420027e-02 -3.374151534783e-01 2.451183839039e-01 9.690355586356e-01 -2.978361919295e-02 -1.283094985883e-02 -4.649949264017e-03 3.189555957849e-02 9.994803906286e-01 -1.253782519285e+00
9.2732138634e+00 9.694628900162e-01 -2.448525257764e-01 1.374574488573e-02 -3.430566088338e-01 2.451617937105e-01 9.690355586356e-01 -2.942415681939e-02 -1.056223250507e-02 -6.115536458138e-03 3.189555957849e-02 9.994724976171e-01 -1.291066494530e+00
9.3399286270e+00 9.694595230076e-01 -2.448525257764e-01 1.398119704408e-02 -3.518688410276e-01 2.451689326980e-01 9.690355586356e-01 -2.936461373140e-02 -6.826943247930e-03 -6.358277247424e-03 3.189555957849e-02 9.994709828652e-01 -1.328505964912e+00
9.4066436291e+00 9.694620272902e-01 -2.448525257764e-01 1.380645730169e-02 -3.613780132943e-01 2.451636359124e-01 9.690355586356e-01 -2.940880354750e-02 -3.035015523835e-03 -6.178128235453e-03 3.189555957849e-02 9.994721126728e-01 -1.366269245131e+00
9.4733583927e+00 9.694595349817e-01 -2.448525257764e-01 1.398036673138e-02 -3.685951579853e-01 2.451689075480e-01 9.690355586356e-01 -2.936482371115e-02 -1.300668489887e-03 -6.357421230823e-03 3.189555957849e-02 9.994709883106e-01 -1.405006734271e+00
9.5400731564e+00 9.694481536992e-01 -2.448525257764e-01 1.474848839933e-02 -3.798064477301e-01 2.451920970469e-01 9.690355586356e-01 -2.917056128445e-02 -2.936659924551e-03 -7.149324086263e-03 3.189555957849e-02 9.994656374505e-01 -1.444985795405e+00
9.6067883968e+00 9.694258950650e-01 -2.448525257764e-01 1.614542035536e-02 -3.911797258346e-01 2.452338764391e-01 9.690355586356e-01 -2.881721614846e-02 -5.740333858940e-03 -8.589518273666e-03 3.189555957849e-02 9.994542978321e-01 -1.485364456905e+00
9.6735031605e+00 9.693741647743e-01 -2.448525257764e-01 1.899919179840e-02 -3.971736183622e-01 2.453176472817e-01 9.690355586356e-01 -2.809516029612e-02 -7.804104753518e-03 -1.153172147739e-02 3.189555957849e-02 9.994246808434e-01 -1.525356650013e+00
9.7402179241e+00 9.693975142803e-01 -2.448525257764e-01 1.776794665025e-02 -4.017942511151e-01 2.452817649393e-01 9.690355586356e-01 -2.840672258708e-02 -5.359532331368e-03 -1.026231433355e-02 3.189555957849e-02 9.994385214628e-01 -1.564609844913e+00
9.8069331646e+00 9.694431707881e-01 -2.448525257764e-01 1.507246606117e-02 -4.079807697134e-01 2.452018318230e-01 9.690355586356e-01 -2.908861926096e-02 -1.685650873540e-03 -7.483333672212e-03 3.189555957849e-02 9.994631924170e-01 -1.603314741443e+00
9.8736481667e+00 9.694693740627e-01 -2.448525257764e-01 1.328056382461e-02 -4.219697872466e-01 2.451476468307e-01 9.690355586356e-01 -2.954178994668e-02 -2.170436086127e-04 -5.635956700378e-03 3.189555957849e-02 9.994753169895e-01 -1.641105443621e+00
9.9403629303e+00 9.694223769130e-01 -2.448525257764e-01 1.635529765347e-02 -4.333034855208e-01 2.452401095291e-01 9.690355586356e-01 -2.876412310531e-02 -2.566688827921e-03 -8.805896804201e-03 3.189555957849e-02 9.994524148056e-01 -1.680698871658e+00
1.0007077932e+01 9.693644807433e-01 -2.448525257764e-01 1.948702373943e-02 -4.431642862205e-01 2.453317550141e-01 9.690355586356e-01 -2.797170144268e-02 -6.892155949590e-03 -1.203467718698e-02 3.189555957849e-02 9.994187509869e-01 -1.720321455145e+00
1.0073792696e+01 9.694376500896e-01 -2.448525257764e-01 1.542346295765e-02 -4.514975295982e-01 2.452123476157e-01 9.690355586356e-01 -2.899983925287e-02 -1.289561980760e-02 -7.845200155088e-03 3.189555957849e-02 9.994604174822e-01 -1.757441287324e+00
1.0140507221e+01 9.694456554336e-01 -2.448525257764e-01 1.491180009073e-02 -4.583922413828e-01 2.451970076004e-01 9.690355586356e-01 -2.912925614760e-02 -1.340291401463e-02 -7.317692589460e-03 3.189555957849e-02 9.994644189036e-01 -1.798245386410e+00
1.0207222223e+01 9.694458103140e-01 -2.448525257764e-01 1.490172760245e-02 -4.652373365931e-01 2.451967049357e-01 9.690355586356e-01 -2.913180372956e-02 -1.248117860732e-02 -7.307308208275e-03 3.189555957849e-02 9.994644948801e-01 -1.839922915769e+00
1.0273936987e+01 9.694930488899e-01 -2.448525257764e-01 1.142229290238e-02 -4.739255981046e-01 2.450905717782e-01 9.690355586356e-01 -3.001162650247e-02 -1.421342660679e-02 -3.720185431773e-03 3.189555957849e-02 9.994842837681e-01 -1.879520787479e+00
1.0340651751e+01 9.694564987137e-01 -2.448525257764e-01 1.418935244279e-02 -4.855101079371e-01 2.451752320158e-01 9.690355586356e-01 -2.931197205741e-02 -1.258827050306e-02 -6.572876677328e-03 3.189555957849e-02 9.994695946207e-01 -1.920632307247e+00
1.0407366753e+01 9.693995374293e-01 -2.448525257764e-01 1.765722097988e-02 -5.000568554651e-01 2.452785186950e-01 9.690355586356e-01 -2.843473873050e-02 -1.140100198447e-02 -1.014815739824e-02 3.189555957849e-02 9.994396871150e-01 -1.961993937700e+00
1.0474081516e+01 9.694523265421e-01 -2.448525257764e-01 1.447159918903e-02 -5.210844022503e-01 2.451837555059e-01 9.690355586356e-01 -2.924059055308e-02 -1.639864319889e-02 -6.863861752380e-03 3.189555957849e-02 9.994676386362e-01 -2.002149800956e+00
1.0540796280e+01 9.694447324946e-01 -2.448525257764e-01 1.497168191602e-02 -5.385199679209e-01 2.451988064226e-01 9.690355586356e-01 -2.911411047632e-02 -1.256232314540e-02 -7.379428663348e-03 3.189555957849e-02 9.994639649891e-01 -2.043299268399e+00
1.0607511282e+01 9.694118331955e-01 -2.448525257764e-01 1.696874424989e-02 -5.540907027331e-01 2.452582623468e-01 9.690355586356e-01 -2.860892955900e-02 -7.447609062695e-03 -9.438347901256e-03 3.189555957849e-02 9.994466423317e-01 -2.085436531237e+00
