0.0000000000e+00 9.987707606232e-01 4.919772396190e-02 6.045798637141e-03 0.000000000000e+00 -4.919772396190e-02 9.690355586356e-01 2.419703908681e-01 0.000000000000e+00 6.045798637141e-03 -2.419703908681e-01 9.702647980124e-01 0.000000000000e+00
6.6640615463e-02 9.987707606232e-01 4.919772396190e-02 6.045798637141e-03 0.000000000000e+00 -4.919772396190e-02 9.690355586356e-01 2.419703908681e-01 0.000000000000e+00 6.045798637141e-03 -2.419703908681e-01 9.702647980124e-01 0.000000000000e+00
1.3328027725e-01 9.987724112722e-01 4.919772396190e-02 5.766666145740e-03 3.290938158072e-04 -4.913009717249e-02 9.690355586356e-01 2.419841309915e-01 1.011650833106e-03 6.316963929677e-03 -2.419703908681e-01 9.702630704659e-01 -5.368636120965e-04
1.9991850853e-01 9.987781862519e-01 4.919772396190e-02 4.660324479376e-03 1.607066036883e-03 -4.886202171127e-02 9.690355586356e-01 2.420384038416e-01 4.940201295125e-03 7.391718445081e-03 -2.419703908681e-01 9.702554779240e-01 -2.621669675932e-03
2.6655530930e-01 9.987795808347e-01 4.919772396190e-02 4.351191179649e-03 1.736138736328e-03 -4.878710576396e-02 9.690355586356e-01 2.420535155933e-01 5.244873700656e-03 7.692023068663e-03 -2.419703908681e-01 9.702531436302e-01 -2.767541392950e-03
3.3319091797e-01 9.987780341674e-01 4.919772396190e-02 4.692805309553e-03 1.287434847119e-03 -4.886989291149e-02 9.690355586356e-01 2.420368146929e-01 5.282817477262e-03 7.360165183169e-03 -2.419703908681e-01 9.702557177938e-01 -2.454702163067e-03
3.9982509613e-01 9.987699557398e-01 4.919772396190e-02 6.177335059473e-03 2.395036582464e-04 -4.922959063975e-02 9.690355586356e-01 2.419639095099e-01 7.948613171227e-03 5.918016298575e-03 -2.419703908681e-01 9.702655858198e-01 -2.630180176394e-03
4.6645832062e-01 9.987725905429e-01 4.919772396190e-02 5.735532862102e-03 3.880226722954e-04 -4.912255412899e-02 9.690355586356e-01 2.419856623350e-01 9.019159844840e-03 6.347208527197e-03 -2.419703908681e-01 9.702628730849e-01 -2.765790873385e-03
5.3309011459e-01 9.987782611856e-01 4.919772396190e-02 4.644237289475e-03 9.234222170603e-04 -4.885812322410e-02 9.690355586356e-01 2.420391908243e-01 9.573850241116e-03 7.407346221894e-03 -2.419703908681e-01 9.702553587407e-01 -2.888507828070e-03
5.9972047806e-01 9.987830664798e-01 4.919772396190e-02 3.459778908205e-03 8.878332498719e-05 -4.857105362801e-02 9.690355586356e-01 2.420969616690e-01 9.305778399898e-03 8.557970705136e-03 -2.419703908681e-01 9.702458920710e-01 -2.766899144450e-03
6.6634964943e-01 9.987868434264e-01 4.919772396190e-02 2.103652851120e-03 7.797913477430e-05 -4.824229560817e-02 9.690355586356e-01 2.421626870811e-01 8.798962543219e-03 9.875338617127e-03 -2.419703908681e-01 9.702333779201e-01 -4.558875027372e-03
7.3297762871e-01 9.987879764397e-01 4.919772396190e-02 1.470400129452e-03 5.839630119407e-04 -4.808874956996e-02 9.690355586356e-01 2.421932250594e-01 8.567060154237e-03 1.049048542105e-02 -2.419703908681e-01 9.702269217347e-01 -6.084224754349e-03
7.9960393906e-01 9.987840628840e-01 4.919772396190e-02 3.159064070579e-03 9.069764791654e-04 -4.849816061270e-02 9.690355586356e-01 2.421115745211e-01 8.833382092221e-03 8.850092994868e-03 -2.419703908681e-01 9.702432714516e-01 -4.792566756674e-03
8.6622953415e-01 9.987784149506e-01 4.919772396190e-02 4.611050391017e-03 1.232595715086e-03 -4.885008084204e-02 9.690355586356e-01 2.420408141236e-01 9.449994488114e-03 7.439585369209e-03 -2.419703908681e-01 9.702551120776e-01 -3.790980930303e-03
9.3285417557e-01 9.987731716725e-01 4.919772396190e-02 5.633427402673e-03 1.437869632757e-03 -4.909781545816e-02 9.690355586356e-01 2.419906829139e-01 9.583737406707e-03 6.446399349165e-03 -2.419703908681e-01 9.702622191339e-01 -2.920727054062e-03
9.9949765205e-01 9.987734761886e-01 4.919772396190e-02 5.579177277880e-03 1.279694549228e-03 -4.908467123738e-02 9.690355586356e-01 2.419933493909e-01 7.918998026482e-03 6.499100833749e-03 -2.419703908681e-01 9.702618675551e-01 -2.153862856565e-03
1.0661396980e+00 9.987723645498e-01 4.919772396190e-02 5.774752679467e-03 3.531120346462e-04 -4.913205638888e-02 9.690355586356e-01 2.419837332031e-01 2.658785105227e-03 6.309108220663e-03 -2.419703908681e-01 9.702631215792e-01 -9.393529769844e-05
1.1327805519e+00 9.987737628800e-01 4.919772396190e-02 5.527616075000e-03 -7.533232557404e-04 -4.907217838289e-02 9.690355586356e-01 2.419958830407e-01 -2.299573891177e-03 6.549190122591e-03 -2.419703908681e-01 9.702615307493e-01 1.606536081529e-03
1.1994199753e+00 9.987824054046e-01 4.919772396190e-02 3.645629053781e-03 -1.622683856343e-03 -4.861610137834e-02 9.690355586356e-01 2.420879195389e-01 -2.699523450568e-03 8.377430453274e-03 -2.419703908681e-01 9.702474677123e-01 9.107972883066e-04
1.2660584450e+00 9.987818004846e-01 4.919772396190e-02 3.807752319546e-03 -6.195885760911e-04 -4.865539668014e-02 9.690355586356e-01 2.420800249376e-01 -3.697846786794e-03 8.219938847451e-03 -2.419703908681e-01 9.702488147627e-01 1.271222336746e-03
1.3326952457e+00 9.987760000418e-01 4.919772396190e-02 5.107415935345e-03 3.887134928048e-04 -4.897036260954e-02 9.690355586356e-01 2.420165070523e-01 -4.269951064761e-03 6.957393654088e-03 -2.419703908681e-01 9.702586895342e-01 2.283314564268e-03
1.3993308544e+00 9.987588952891e-01 4.919772396190e-02 7.762283027862e-03 -4.958978058481e-04 -4.961350304719e-02 9.690355586356e-01 2.418854820267e-01 -2.937066462977e-03 4.378286904947e-03 -2.419703908681e-01 9.702737554664e-01 4.198838685164e-03
1.4659652710e+00 9.987641141946e-01 4.919772396190e-02 7.058906011635e-03 -7.148203365569e-04 -4.944314310159e-02 9.690355586356e-01 2.419203623098e-01 -3.844071262699e-03 5.061600275341e-03 -2.419703908681e-01 9.702704314498e-01 2.886448171969e-03
1.5325984955e+00 9.987753623606e-01 4.919772396190e-02 5.230630779978e-03 -7.585954626072e-04 -4.900021881707e-02 9.690355586356e-01 2.420104639386e-01 -5.072349643811e-03 6.837696780848e-03 -2.419703908681e-01 9.702595404560e-01 5.101862497368e-04
1.5992302895e+00 9.987821402080e-01 4.919772396190e-02 3.717574284068e-03 -1.151531660996e-03 -4.863353955841e-02 9.690355586356e-01 2.420844169498e-01 -3.260580866897e-03 8.307540647440e-03 -2.419703908681e-01 9.702480686461e-01 -1.666348816578e-03
1.6658608913e+00 9.987800917334e-01 4.919772396190e-02 4.232294184889e-03 -1.542733098981e-03 -4.875829082428e-02 9.690355586356e-01 2.420593216048e-01 -7.629638391438e-04 7.807524126953e-03 -2.419703908681e-01 9.702522210797e-01 -3.010775845464e-03
1.7324903011e+00 9.987776710582e-01 4.919772396190e-02 4.769460392060e-03 -1.930298280100e-03 -4.888846882221e-02 9.690355586356e-01 2.420330632705e-01 1.674761453865e-03 7.285699121024e-03 -2.419703908681e-01 9.702562798207e-01 -3.667157791090e-03
1.7991182804e+00 9.987841685564e-01 4.919772396190e-02 3.125475665833e-03 -2.308471738070e-03 -4.849001854394e-02 9.690355586356e-01 2.421132053431e-01 3.206147634525e-03 8.882721586156e-03 -2.419703908681e-01 9.702429732806e-01 -3.075448065142e-03
1.8657450676e+00 9.987839668171e-01 4.919772396190e-02 3.189292403715e-03 -2.017817312503e-03 -4.850548813000e-02 9.690355586356e-01 2.421101066068e-01 1.817063336521e-03 8.820728447140e-03 -2.419703908681e-01 9.702435388565e-01 -2.487830896272e-03
1.9323711395e+00 9.987797155867e-01 4.919772396190e-02 4.320149253044e-03 -1.589030179420e-03 -4.877958275224e-02 9.690355586356e-01 2.420550317725e-01 3.561034257127e-04 7.722178391921e-03 -2.419703908681e-01 9.702529040946e-01 -2.169010343672e-03
1.9990143776e+00 9.987650291724e-01 4.919772396190e-02 6.928236373083e-03 -1.451334578321e-03 -4.941149193004e-02 9.690355586356e-01 2.419268289486e-01 1.822122839796e-03 5.188541945442e-03 -2.419703908681e-01 9.702697609302e-01 -2.683413600544e-03
2.0656559467e+00 9.987726169481e-01 4.919772396190e-02 5.730932868780e-03 -1.266516684527e-03 -4.912143962810e-02 9.690355586356e-01 2.419858885736e-01 2.843144418533e-03 6.351677214717e-03 -2.419703908681e-01 9.702628438417e-01 -3.954309504396e-03
2.1322965622e+00 9.987810643426e-01 4.919772396190e-02 3.996181633715e-03 -1.490052667346e-03 -4.870106643968e-02 9.690355586356e-01 2.420708413410e-01 3.016410519452e-03 8.036892329681e-03 -2.419703908681e-01 9.702503482632e-01 -4.707731253532e-03
2.1989359856e+00 9.987763580121e-01 4.919772396190e-02 5.036926944315e-03 -3.044382667976e-03 -4.895328208485e-02 9.690355586356e-01 2.420199625506e-01 1.017564877412e-03 7.025869995544e-03 -2.419703908681e-01 9.702581960973e-01 -3.016565996406e-03
2.2655739784e+00 9.987748311163e-01 4.919772396190e-02 5.331105475237e-03 -3.091124890661e-03 -4.902456431787e-02 9.690355586356e-01 2.420055333940e-01 -1.426431455412e-03 6.740090656829e-03 -2.419703908681e-01 9.702602234046e-01 -2.405282748682e-03
2.3322107792e+00 9.987746619202e-01 4.919772396190e-02 5.362710429680e-03 -2.415182415560e-03 -4.903222225012e-02 9.690355586356e-01 2.420039819530e-01 -2.469131025120e-03 6.709388004777e-03 -2.419703908681e-01 9.702604362004e-01 -2.689343483881e-03
2.3988459110e+00 9.987743399329e-01 4.919772396190e-02 5.422347147006e-03 -1.121500483985e-03 -4.904667219426e-02 9.690355586356e-01 2.420010538129e-01 1.396641032420e-03 6.651453847260e-03 -2.419703908681e-01 9.702608350876e-01 -4.606680620293e-03
2.4654803276e+00 9.987752983945e-01 4.919772396190e-02 5.242830722305e-03 -1.300066841629e-03 -4.900317494740e-02 9.690355586356e-01 2.420098653877e-01 1.462282523529e-03 6.825845155578e-03 -2.419703908681e-01 9.702596239054e-01 -5.841881053919e-03
2.5321130753e+00 9.987766578960e-01 4.919772396190e-02 4.977107504079e-03 -1.994684669416e-03 -4.893878676358e-02 9.690355586356e-01 2.420228940617e-01 1.958936232568e-04 7.083981383902e-03 -2.419703908681e-01 9.702577735586e-01 -6.837951343550e-03
2.5987446308e+00 9.987824790507e-01 4.919772396190e-02 3.625396285690e-03 9.685266368719e-04 -4.861119728863e-02 9.690355586356e-01 2.420889043266e-01 2.290290274247e-03 8.397085174319e-03 -2.419703908681e-01 9.702472978080e-01 -9.174719038398e-03
2.6653749943e+00 9.987870164101e-01 4.919772396190e-02 2.019853345057e-03 3.664441038422e-03 -4.822197767798e-02 9.690355586356e-01 2.421667338193e-01 -1.030240049588e-03 9.956742408608e-03 -2.419703908681e-01 9.702325459516e-01 -1.191340699001e-02
2.7320041656e+00 9.987879044560e-01 4.919772396190e-02 1.518508941966e-03 5.365278301821e-03 -4.810041528223e-02 9.690355586356e-01 2.421909084783e-01 -5.062266999625e-03 1.044375230053e-02 -2.419703908681e-01 9.702274259064e-01 -1.404503169099e-02
2.7986319065e+00 9.987805660357e-01 4.919772396190e-02 4.118842844523e-03 6.838429740239e-03 -4.873079501988e-02 9.690355586356e-01 2.420648584917e-01 -2.796835635027e-03 7.917734912177e-03 -2.419703908681e-01 9.702513279646e-01 -1.474840178626e-02
2.8652584553e+00 9.987747535761e-01 4.919772396190e-02 5.345612777732e-03 8.250850020235e-03 -4.902807946697e-02 9.690355586356e-01 2.420048212819e-01 -2.641703203059e-03 6.725997530555e-03 -2.419703908681e-01 9.702603212027e-01 -1.571707547695e-02
2.9318842888e+00 9.987756829484e-01 4.919772396190e-02 5.169052896834e-03 9.373097188213e-03 -4.898529796175e-02 9.690355586356e-01 2.420134845075e-01 -3.115709315275e-03 6.897516544359e-03 -2.419703908681e-01 9.702591170449e-01 -1.699503072865e-02
2.9985265732e+00 9.987870621120e-01 4.919772396190e-02 1.997126610565e-03 9.625322701757e-03 -4.821646732260e-02 9.690355586356e-01 2.421678310156e-01 -3.182352392448e-03 9.978819402024e-03 -2.419703908681e-01 9.702323191414e-01 -1.896835665290e-02
3.0651674271e+00 9.987848331877e-01 4.919772396190e-02 2.905331494277e-03 1.090644955802e-02 -4.843665269100e-02 9.690355586356e-01 2.421238872478e-01 -3.542934639597e-03 9.096574641819e-03 -2.419703908681e-01 9.702409918535e-01 -2.102054437677e-02
3.1318073273e+00 9.987796909938e-01 4.919772396190e-02 4.325831169345e-03 1.257618721890e-02 -4.878095976825e-02 9.690355586356e-01 2.420547542685e-01 -4.415828853734e-03 7.716658760416e-03 -2.419703908681e-01 9.702529480093e-01 -2.299236333737e-02
3.1984457970e+00 9.987863731260e-01 4.919772396190e-02 2.316206970718e-03 1.430480099511e-02 -4.829382972431e-02 9.690355586356e-01 2.421524150415e-01 -6.615473053309e-03 9.668860756135e-03 -2.419703908681e-01 9.702354575436e-01 -2.460912035125e-02
3.2650828362e+00 9.987886547754e-01 4.919772396190e-02 8.983590228473e-04 1.561732226524e-02 -4.795002913785e-02 9.690355586356e-01 2.422207274483e-01 -5.838978631005e-03 1.104616664929e-02 -2.419703908681e-01 9.702207543366e-01 -2.666236409190e-02
3.3317186832e+00 9.987889979678e-01 4.919772396190e-02 3.485619782145e-04 1.670691130927e-02 -4.781668815288e-02 9.690355586356e-01 2.422470855015e-01 -5.135141870452e-03 1.158023629180e-02 -2.419703908681e-01 9.702145268293e-01 -2.850908446201e-02
3.3983533382e+00 9.987870504597e-01 4.919772396190e-02 2.002945588654e-03 1.754542955552e-02 -4.821787820240e-02 9.690355586356e-01 2.421675501002e-01 -8.421799809608e-03 9.973166784941e-03 -2.419703908681e-01 9.702323772620e-01 -2.909077289279e-02
3.4649865627e+00 9.987868082676e-01 4.919772396190e-02 2.120280069816e-03 1.872039705991e-02 -4.824632698421e-02 9.690355586356e-01 2.421618839380e-01 -9.938157056199e-03 9.859186738158e-03 -2.419703908681e-01 9.702335421846e-01 -3.050318154416e-02
3.5316183567e+00 9.987876785655e-01 4.919772396190e-02 1.660452584480e-03 2.001802672407e-02 -4.813483397928e-02 9.690355586356e-01 2.421840701980e-01 -1.080899574978e-02 1.030586743578e-02 -2.419703908681e-01 9.702289003321e-01 -3.221847321875e-02
3.5982489586e+00 9.987871789859e-01 4.919772396190e-02 1.937795224384e-03 2.078088889458e-02 -4.820208163644e-02 9.690355586356e-01 2.421706948122e-01 -1.191519259661e-02 1.003645451725e-02 -2.419703908681e-01 9.702317246534e-01 -3.412494806491e-02
3.6648783684e+00 9.987887726345e-01 4.919772396190e-02 7.560530784006e-04 2.203657087259e-02 -4.791551739894e-02 9.690355586356e-01 2.422275568392e-01 -7.685458359366e-03 1.118440216015e-02 -2.419703908681e-01 9.702191706473e-01 -3.633060029965e-02
3.7315065861e+00 9.987888404007e-01 4.919772396190e-02 -6.604907907765e-04 2.346249187711e-02 -4.757192732502e-02 9.690355586356e-01 2.422952699300e-01 -2.600816143926e-03 1.256041486970e-02 -2.419703908681e-01 9.702023324655e-01 -3.852904458861e-02
3.7981336117e+00 9.987890147392e-01 4.919772396190e-02 2.966367200689e-04 2.397176069883e-02 -4.780409409457e-02 9.690355586356e-01 2.422495710784e-01 -1.735271346780e-03 1.163067599806e-02 -2.419703908681e-01 9.702139234823e-01 -4.063816150608e-02
3.8647589684e+00 9.987838785590e-01 4.919772396190e-02 3.216813272215e-03 2.320668288915e-02 -4.851215930467e-02 9.690355586356e-01 2.421087699764e-01 -2.034201839853e-03 8.793993987786e-03 -2.419703908681e-01 9.702437815379e-01 -4.077000438670e-02
3.9313838482e+00 9.987761658229e-01 4.919772396190e-02 5.074893211079e-03 2.256900483194e-02 -4.896248190215e-02 9.690355586356e-01 2.420181015252e-01 -3.072214675885e-03 6.988987774806e-03 -2.419703908681e-01 9.702584624692e-01 -4.020619121800e-02
3.9980220795e+00 9.987888406191e-01 4.919772396190e-02 6.601603756192e-04 2.396496193450e-02 -4.789226115551e-02 9.690355586356e-01 2.422321560431e-01 -5.136928006739e-03 1.127755186933e-02 -2.419703908681e-01 9.702180923725e-01 -3.978535788852e-02
4.0646588802e+00 9.987889699396e-01 4.919772396190e-02 -4.212884108973e-04 2.511372216789e-02 -4.762995384237e-02 9.690355586356e-01 2.422838698652e-01 -3.469926656603e-03 1.232805840065e-02 -2.419703908681e-01 9.702053127659e-01 -4.031167988861e-02
4.1312944889e+00 9.987889262720e-01 4.919772396190e-02 -5.145029874566e-04 2.618434268332e-02 -4.760734186262e-02 9.690355586356e-01 2.422883139994e-01 -1.644427802387e-03 1.241860528120e-02 -2.419703908681e-01 9.702041579925e-01 -4.115231920686e-02
4.1979286671e+00 9.987877290065e-01 4.919772396190e-02 -1.629829153468e-03 2.730450054205e-02 -4.733675394009e-02 9.690355586356e-01 2.423413250486e-01 -4.041769293161e-03 1.350200401851e-02 -2.419703908681e-01 9.701896854897e-01 -4.185398499582e-02
4.2645616531e+00 9.987872076753e-01 4.919772396190e-02 -1.922951162985e-03 2.671382007611e-02 -4.726563008944e-02 9.690355586356e-01 2.423552069012e-01 -3.394612977889e-03 1.378673262431e-02 -2.419703908681e-01 9.701856811697e-01 -4.187102970174e-02
4.3311934471e+00 9.987873414952e-01 4.919772396190e-02 -1.852140915043e-03 2.564410459828e-02 -4.728281204006e-02 9.690355586356e-01 2.423518553374e-01 -1.895005111270e-03 1.371795008682e-02 -2.419703908681e-01 9.701866561588e-01 -4.206243838825e-02
4.3978235722e+00 9.987877446352e-01 4.919772396190e-02 -1.620223295402e-03 2.515481389418e-02 -4.733908465972e-02 9.690355586356e-01 2.423408697753e-01 -1.428317893807e-03 1.349267320207e-02 -2.419703908681e-01 9.701898153006e-01 -4.374714091754e-02
4.4644525051e+00 9.987890514797e-01 4.919772396190e-02 1.208352960074e-04 2.471433939326e-02 -4.776145389985e-02 9.690355586356e-01 2.422579815429e-01 -2.870490630696e-03 1.180144760495e-02 -2.419703908681e-01 9.702118612847e-01 -4.358196890306e-02
4.5310797691e+00 9.987860556809e-01 4.919772396190e-02 2.449272223853e-03 2.429238529301e-02 -4.832609052620e-02 9.690355586356e-01 2.421459788523e-01 -5.036525679126e-03 9.539599148367e-03 -2.419703908681e-01 9.702367370860e-01 -4.271528003536e-02
4.5977060795e+00 9.987880828061e-01 4.919772396190e-02 -1.396281280112e-03 2.409728291452e-02 -4.739341963201e-02 9.690355586356e-01 2.423302496088e-01 -5.943698835763e-03 1.327514293816e-02 -2.419703908681e-01 9.701928161572e-01 -4.304511061864e-02
4.6643307209e+00 9.987881337285e-01 4.919772396190e-02 -1.359367544263e-03 2.453645516450e-02 -4.740237576837e-02 9.690355586356e-01 2.423284978524e-01 -2.487444795775e-03 1.323928603309e-02 -2.419703908681e-01 9.701933061243e-01 -4.153440943892e-02
4.7309541702e+00 9.987890505864e-01 4.919772396190e-02 1.280064727216e-04 2.479770738864e-02 -4.776319327972e-02 9.690355586356e-01 2.422576386156e-01 1.149405882455e-03 1.179448160847e-02 -2.419703908681e-01 9.702119459926e-01 -3.953624238533e-02
4.7975764275e+00 9.987883378198e-01 4.919772396190e-02 -1.200080012786e-03 2.366605878881e-02 -4.744102190427e-02 9.690355586356e-01 2.423209350027e-01 1.989897597498e-05 1.308455867605e-02 -2.419703908681e-01 9.701954051980e-01 -3.873762382927e-02
4.8641970158e+00 9.987888323780e-01 4.919772396190e-02 -6.725132179565e-04 2.200946265660e-02 -4.756901081196e-02 9.690355586356e-01 2.422958425361e-01 -3.843985325564e-03 1.257209320006e-02 -2.419703908681e-01 9.702021812054e-01 -3.490027315313e-02
4.9308168888e+00 9.987886487930e-01 4.919772396190e-02 9.049857277930e-04 2.052740974483e-02 -4.795163620881e-02 9.690355586356e-01 2.422204093069e-01 -7.054898763751e-03 1.103972948473e-02 -2.419703908681e-01 9.702208276037e-01 -3.055745959336e-02
4.9974544048e+00 9.987825338878e-01 4.919772396190e-02 3.610257290739e-03 2.039868500355e-02 -4.860752783282e-02 9.690355586356e-01 2.420896411205e-01 -4.123313499051e-03 8.411791647333e-03 -2.419703908681e-01 9.702471704182e-01 -2.867742444478e-02
5.0640904903e+00 9.987825501574e-01 4.919772396190e-02 3.605753471199e-03 1.783346546199e-02 -4.860643617522e-02 9.690355586356e-01 2.420898603045e-01 -2.341428172560e-03 8.416166791968e-03 -2.419703908681e-01 9.702471324769e-01 -2.574782830627e-02
5.1307253838e+00 9.987842782576e-01 4.919772396190e-02 3.090220445816e-03 1.410908048339e-02 -4.848147236921e-02 9.690355586356e-01 2.421149167994e-01 -1.693429311003e-03 8.916969347738e-03 -2.419703908681e-01 9.702426591327e-01 -2.211957739915e-02
5.1973586082e+00 9.987781565201e-01 4.919772396190e-02 4.666692105239e-03 9.642657181973e-03 -4.886356480568e-02 9.690355586356e-01 2.420380923210e-01 -3.492561698610e-03 7.385532663090e-03 -2.419703908681e-01 9.702555250296e-01 -1.745948849633e-02
5.2639906406e+00 9.987754270240e-01 4.919772396190e-02 5.218268865286e-03 4.977713861042e-03 -4.899722343245e-02 9.690355586356e-01 2.420110703993e-01 -2.996404530811e-03 6.849705752243e-03 -2.419703908681e-01 9.702594557510e-01 -1.174887854200e-02
5.3306212425e+00 9.987721581682e-01 4.919772396190e-02 5.810337771698e-03 2.449479100333e-04 -4.914067795623e-02 9.690355586356e-01 2.419819825315e-01 -3.280340283387e-03 6.274538871880e-03 -2.419703908681e-01 9.702633457495e-01 -4.733961761646e-03
5.3972506523e+00 9.987561393036e-01 4.919772396190e-02 8.109140545434e-03 -4.451008694755e-03 -4.969750422429e-02 9.690355586356e-01 2.418682372156e-01 -9.681439860245e-03 4.041321231183e-03 -2.419703908681e-01 9.702752174851e-01 5.524262334165e-03
5.4638786316e+00 9.987595929761e-01 4.919772396190e-02 7.671987699486e-03 -9.435887600003e-03 -4.959163458227e-02 9.690355586356e-01 2.418899664710e-01 -8.495356184153e-03 4.466006913376e-03 -2.419703908681e-01 9.702733556712e-01 1.496295342024e-02
5.5305051804e+00 9.987659941825e-01 4.919772396190e-02 6.787696338830e-03 -1.543680854931e-02 -4.937744901122e-02 9.690355586356e-01 2.419337794295e-01 -5.385700518973e-03 5.325072183883e-03 -2.419703908681e-01 9.702690212252e-01 2.453635902661e-02
5.5971302986e+00 9.987537349207e-01 4.919772396190e-02 8.400055886898e-03 -2.473230794061e-02 -4.976795301117e-02 9.690355586356e-01 2.418537511658e-01 -6.250114907673e-03 3.758701240074e-03 -2.419703908681e-01 9.702763534726e-01 3.579103054935e-02
5.6637542248e+00 9.987369340764e-01 4.919772396190e-02 1.020394377926e-02 -3.401633645230e-02 -5.020469660153e-02 9.690355586356e-01 2.417634681647e-01 -5.930143072871e-03 2.006228010422e-03 -2.419703908681e-01 9.702815596477e-01 4.821680705313e-02
5.7303767204e+00 9.987109215143e-01 4.919772396190e-02 1.249316633531e-02 -4.400528514496e-02 -5.075872151716e-02 9.690355586356e-01 2.416477566414e-01 -5.371216243386e-03 -2.178027916062e-04 -2.419703908681e-01 9.702836093149e-01 6.203749843848e-02
5.7969977856e+00 9.986557852493e-01 4.919772396190e-02 1.631583724433e-02 -5.660290310126e-02 -5.168330398015e-02 9.690355586356e-01 2.414516974253e-01 -5.704220606929e-03 -3.931752498607e-03 -2.419703908681e-01 9.702756676664e-01 7.923571167092e-02
5.8636174202e+00 9.986537332121e-01 4.919772396190e-02 1.644095795548e-02 -6.850227758917e-02 -5.171355487776e-02 9.690355586356e-01 2.414452201676e-01 -7.081000257993e-03 -4.053317583168e-03 -2.419703908681e-01 9.702751674446e-01 9.686835054457e-02
5.9302368164e+00 9.986532794729e-01 4.919772396190e-02 1.646849583227e-02 -8.122026889315e-02 -5.172021271158e-02 9.690355586356e-01 2.414437940742e-01 -7.727061600027e-03 -4.080072925532e-03 -2.419703908681e-01 9.702750553055e-01 1.155118089132e-01
5.9972999096e+00 9.985457962947e-01 4.919772396190e-02 2.204261007825e-02 -9.816840697610e-02 -5.306711919849e-02 9.690355586356e-01 2.411513362183e-01 -4.037330077711e-03 -9.495976098656e-03 -2.419703908681e-01 9.702371650174e-01 1.374261437088e-01
6.0643725395e+00 9.984872473342e-01 4.919772396190e-02 2.455200333777e-02 -1.129551756158e-01 -5.367299325033e-02 9.690355586356e-01 2.410172107868e-01 -5.604369031148e-03 -1.193426606368e-02 -2.419703908681e-01 9.702102366171e-01 1.595354321265e-01
6.1314554214e+00 9.984426203420e-01 4.919772396190e-02 2.630433123258e-02 -1.275022561423e-01 -5.409590076552e-02 9.690355586356e-01 2.409226423985e-01 -9.579684831910e-03 -1.363698665361e-02 -2.419703908681e-01 9.701877975620e-01 1.821782887800e-01
6.1985478401e+00 9.983474329767e-01 4.919772396190e-02 2.969826637568e-02 -1.440927372567e-01 -5.491457611845e-02 9.690355586356e-01 2.407373577773e-01 -1.474486814645e-02 -1.693494607261e-02 -2.419703908681e-01 9.701358345843e-01 2.063620462390e-01
6.2656502724e+00 9.982698159643e-01 4.919772396190e-02 3.220183987823e-02 -1.620713610060e-01 -5.551812728221e-02 9.690355586356e-01 2.405988853735e-01 -1.812961973549e-02 -1.936781034735e-02 -2.419703908681e-01 9.700903142829e-01 2.298383845925e-01
6.3327627182e+00 9.982187819860e-01 4.919772396190e-02 3.374681092187e-02 -1.807798428215e-01 -5.589043265197e-02 9.690355586356e-01 2.405126725099e-01 -1.950191564114e-02 -2.086918370236e-02 -2.419703908681e-01 9.700591771200e-01 2.527840768843e-01
6.3998849392e+00 9.982331092791e-01 4.919772396190e-02 3.332031656322e-02 -2.002032396507e-01 -5.578766795629e-02 9.690355586356e-01 2.405365298741e-01 -1.668238138671e-02 -2.045472177526e-02 -2.419703908681e-01 9.700680049874e-01 2.748783673503e-01
6.4670174122e+00 9.981208672192e-01 4.919772396190e-02 3.652832296469e-02 -2.166370673262e-01 -5.656042985789e-02 9.690355586356e-01 2.403559940467e-01 -1.819654761208e-02 -2.357227600241e-02 -2.419703908681e-01 9.699972565668e-01 2.978483991907e-01
6.5341594219e+00 9.979500423359e-01 4.919772396190e-02 4.093039162598e-02 -2.321177655260e-01 -5.762002081922e-02 9.690355586356e-01 2.401041842632e-01 -2.109474076253e-02 -2.785042553497e-02 -2.419703908681e-01 9.698838506443e-01 3.211002254860e-01
6.6013112068e+00 9.979188052492e-01 4.919772396190e-02 4.168503432762e-02 -2.601840636531e-01 -5.780157223104e-02 9.690355586356e-01 2.400605430876e-01 -1.599110762783e-02 -2.858384819344e-02 -2.419703908681e-01 9.698625127128e-01 3.576172220579e-01
6.6684732437e+00 9.977645957950e-01 4.919772396190e-02 4.522604708682e-02 -2.850004786956e-01 -5.865310169347e-02 9.690355586356e-01 2.398539133757e-01 -1.487092726615e-02 -3.202538118222e-02 -2.419703908681e-01 9.697549715796e-01 3.912884355117e-01
6.7356450558e+00 9.975643160479e-01 4.919772396190e-02 4.944713646808e-02 -3.091438225797e-01 -5.966738712813e-02 9.690355586356e-01 2.396036080972e-01 -1.619601319477e-02 -3.612808133884e-02 -2.419703908681e-01 9.696107939178e-01 4.236307452095e-01
6.8028266430e+00 9.974047251474e-01 4.919772396190e-02 5.256803411479e-02 -3.361894848653e-01 -6.041675734779e-02 9.690355586356e-01 2.394157503830e-01 -1.928700632244e-02 -3.916158430532e-02 -2.419703908681e-01 9.694930119696e-01 4.571119241641e-01
6.8700182438e+00 9.971599200540e-01 4.919772396190e-02 5.702348459126e-02 -3.634529612404e-01 -6.148576095233e-02 9.690355586356e-01 2.391434450283e-01 -1.677624877318e-02 -4.349247105043e-02 -2.419703908681e-01 9.693083796734e-01 4.935080652711e-01
6.9372131824e+00 9.968622377864e-01 4.919772396190e-02 6.201018329586e-02 -3.905361629495e-01 -6.268109578784e-02 9.690355586356e-01 2.388329255583e-01 -1.403686031824e-02 -4.834003626657e-02 -2.419703908681e-01 9.690787227243e-01 5.312799780391e-01
7.0039293766e+00 9.965134131001e-01 4.919772396190e-02 6.738398525292e-02 -4.169157201562e-01 -6.396788131611e-02 9.690355586356e-01 2.384915014415e-01 -1.383677653789e-02 -5.356423873748e-02 -2.419703908681e-01 9.688040061187e-01 5.702075546071e-01
7.0706458092e+00 9.962692386523e-01 4.919772396190e-02 7.090266618540e-02 -4.451977424026e-01 -6.480969459845e-02 9.690355586356e-01 2.382641172857e-01 -1.733811281163e-02 -5.698515246347e-02 -2.419703908681e-01 9.686088076937e-01 6.105819783304e-01
7.1373620033e+00 9.960531135834e-01 4.919772396190e-02 7.387678172356e-02 -4.749029393620e-01 -6.552075995083e-02 9.690355586356e-01 2.380695615054e-01 -1.934770115589e-02 -5.987674787701e-02 -2.419703908681e-01 9.684343576138e-01 6.508218989832e-01
7.2040786743e+00 9.958472680883e-01 4.919772396190e-02 7.660158352194e-02 -5.067513648254e-01 -6.617184365153e-02 9.690355586356e-01 2.378894138200e-01 -1.634301339820e-02 -6.252604056598e-02 -2.419703908681e-01 9.682669178456e-01 6.900693449739e-01
7.2707948685e+00 9.955687834392e-01 4.919772396190e-02 8.013976165639e-02 -5.417693290984e-01 -6.701674644101e-02 9.690355586356e-01 2.376527756967e-01 -1.765840866983e-02 -6.596630304811e-02 -2.419703908681e-01 9.680386236124e-01 7.262156786992e-01
7.3375115395e+00 9.952304800746e-01 4.919772396190e-02 8.423701969698e-02 -5.778161698536e-01 -6.799439950679e-02 9.690355586356e-01 2.373749096590e-01 -1.887921394819e-02 -6.995036215898e-02 -2.419703908681e-01 9.677588939281e-01 7.619223021905e-01
7.4042277336e+00 9.948031462785e-01 4.919772396190e-02 8.914193239661e-02 -6.145610400707e-01 -6.916370048637e-02 9.690355586356e-01 2.370368507952e-01 -1.787844282620e-02 -7.472002870358e-02 -2.419703908681e-01 9.674023192311e-01 7.981463485138e-01
7.4709444046e+00 9.945013067583e-01 4.919772396190e-02 9.244855224918e-02 -6.490253381651e-01 -6.995132095267e-02 9.690355586356e-01 2.368056139471e-01 -2.071517162389e-02 -7.793563724623e-02 -2.419703908681e-01 9.671485751373e-01 8.356547529414e-01
7.5376608372e+00 9.941747888138e-01 4.919772396190e-02 9.589615865108e-02 -6.832080662959e-01 -7.077195937892e-02 9.690355586356e-01 2.365616534131e-01 -2.391069588292e-02 -8.128849274486e-02 -2.419703908681e-01 9.668725411813e-01 8.742064592613e-01
7.6043772697e+00 9.937282053702e-01 4.919772396190e-02 1.004183141102e-01 -7.178389484377e-01 -7.184749978551e-02 9.690355586356e-01 2.362372173779e-01 -2.611166945796e-02 -8.568658370092e-02 -2.419703908681e-01 9.664927000846e-01 9.143612368669e-01
7.6710937023e+00 9.933685913562e-01 4.919772396190e-02 1.039154736501e-01 -7.476547120501e-01 -7.267857603442e-02 9.690355586356e-01 2.359828609995e-01 -2.654848208227e-02 -8.908796940426e-02 -2.419703908681e-01 9.661851083776e-01 9.516590786572e-01
7.7378103733e+00 9.929563422577e-01 4.919772396190e-02 1.077835160271e-01 -7.779950840680e-01 -7.359709725846e-02 9.690355586356e-01 2.356980130909e-01 -2.636249696954e-02 -9.285025387858e-02 -2.419703908681e-01 9.658308134957e-01 9.894921243252e-01
7.8045268059e+00 9.920494572704e-01 4.919772396190e-02 1.158337527947e-01 -8.188508161496e-01 -7.550640236162e-02 9.690355586356e-01 2.350933204119e-01 -2.452061630000e-02 -1.006809690653e-01 -2.419703908681e-01 9.650459431608e-01 1.035077327239e+00
7.8712434769e+00 9.917576484533e-01 4.919772396190e-02 1.183061735130e-01 -8.574245019659e-01 -7.609216095482e-02 9.690355586356e-01 2.349043829755e-01 -2.645838757120e-02 -1.030861279492e-01 -2.419703908681e-01 9.647919880304e-01 1.073434124490e+00
7.9379599094e+00 9.912811860512e-01 4.919772396190e-02 1.222341774543e-01 -8.954991369424e-01 -7.702215755009e-02 9.690355586356e-01 2.346010940857e-01 -2.821263115951e-02 -1.069074245658e-01 -2.419703908681e-01 9.643760327361e-01 1.111514465888e+00
8.0046749115e+00 9.900481083814e-01 4.919772396190e-02 1.318496380254e-01 -9.335365168243e-01 -7.929553064264e-02 9.690355586356e-01 2.338424788613e-01 -2.794564942550e-02 -1.162624699143e-01 -2.419703908681e-01 9.632929814094e-01 1.152166415969e+00
8.0713896751e+00 9.895689571134e-01 4.919772396190e-02 1.353989035201e-01 -9.679383309550e-01 -8.013353289343e-02 9.690355586356e-01 2.335566376832e-01 -2.872870085078e-02 -1.197158971210e-01 -2.419703908681e-01 9.628698945962e-01 1.192879003704e+00
8.1381044388e+00 9.889859882905e-01 4.919772396190e-02 1.395933340886e-01 -1.002007545241e+00 -8.112306331671e-02 9.690355586356e-01 2.332147823316e-01 -2.981707465512e-02 -1.237972679953e-01 -2.419703908681e-01 9.623536597218e-01 1.233938347617e+00
8.2048194408e+00 9.877856698283e-01 4.919772396190e-02 1.478480789148e-01 -1.036933685985e+00 -8.306795018904e-02 9.690355586356e-01 2.325291417248e-01 -3.108415071388e-02 -1.318301412168e-01 -2.419703908681e-01 9.612861924577e-01 1.275678390986e+00
8.2715342045e+00 9.873533004127e-01 4.919772396190e-02 1.507084739523e-01 -1.075102204191e+00 -8.374109746253e-02 9.690355586356e-01 2.322875689650e-01 -3.201937173030e-02 -1.346138505498e-01 -2.419703908681e-01 9.609003284333e-01 1.315065880077e+00
8.3382489681e+00 9.868244640300e-01 4.919772396190e-02 1.541332577640e-01 -1.115004318004e+00 -8.454653129746e-02 9.690355586356e-01 2.319956252722e-01 -3.443212217678e-02 -1.379469508091e-01 -2.419703908681e-01 9.604274926852e-01 1.355229605337e+00
8.4049639702e+00 9.857135078432e-01 4.919772396190e-02 1.610852706256e-01 -1.157069292023e+00 -8.617970141071e-02 9.690355586356e-01 2.313939177348e-01 -3.997294500664e-02 -1.447133011174e-01 -2.419703908681e-01 9.594312848885e-01 1.397940875441e+00
8.4716787338e+00 9.849206704110e-01 4.919772396190e-02 1.658639712357e-01 -1.197100553343e+00 -8.730092127932e-02 9.690355586356e-01 2.309732349076e-01 -3.984443040478e-02 -1.493647285703e-01 -2.419703908681e-01 9.587181586902e-01 1.440668577446e+00
8.5383932590e+00 9.842102586262e-01 4.919772396190e-02 1.700286763220e-01 -1.232999177591e+00 -8.827715106340e-02 9.690355586356e-01 2.306018878934e-01 -4.046555636746e-02 -1.534187453181e-01 -2.419703908681e-01 9.580777726929e-01 1.480416531711e+00
8.6051082611e+00 9.835401546599e-01 4.919772396190e-02 1.738630154133e-01 -1.261453470346e+00 -8.917517441521e-02 9.690355586356e-01 2.302561060383e-01 -4.486174168055e-02 -1.571513679217e-01 -2.419703908681e-01 9.574725988265e-01 1.514201688265e+00
8.6718230247e+00 9.823433518586e-01 4.919772396190e-02 1.805024183109e-01 -1.302936473181e+00 -9.072841603204e-02 9.690355586356e-01 2.296485153973e-01 -4.567612947119e-02 -1.636150774942e-01 -2.419703908681e-01 9.563892703077e-01 1.559177863775e+00
8.7385377884e+00 9.805337630296e-01 4.919772396190e-02 1.900871471617e-01 -1.366669041279e+00 -9.296678343861e-02 9.690355586356e-01 2.287515317478e-01 -4.161712588516e-02 -1.729471501245e-01 -2.419703908681e-01 9.547458369676e-01 1.619834005911e+00
8.8052527905e+00 9.800336191633e-01 4.919772396190e-02 1.926491351308e-01 -1.416801627837e+00 -9.356431090328e-02 9.690355586356e-01 2.285077806664e-01 -4.375042905526e-02 -1.754417995658e-01 -2.419703908681e-01 9.542905767680e-01 1.662037104232e+00
8.8719675541e+00 9.784794458421e-01 4.919772396190e-02 2.003935079325e-01 -1.468667136754e+00 -9.536849249377e-02 9.690355586356e-01 2.277607006034e-01 -5.380842720452e-02 -1.829831268287e-01 -2.419703908681e-01 9.528732891834e-01 1.707916003530e+00
8.9386823177e+00 9.767090583251e-01 4.919772396190e-02 2.088516203977e-01 -1.519454537145e+00 -9.733546409924e-02 9.690355586356e-01 2.269270665400e-01 -6.204009991722e-02 -1.912203514649e-01 -2.419703908681e-01 9.512544912529e-01 1.753911045512e+00
9.0053961277e+00 9.750118929180e-01 4.919772396190e-02 2.166365449904e-01 -1.567458935816e+00 -9.914264823598e-02 9.690355586356e-01 2.261433647062e-01 -6.364167106302e-02 -1.988027765630e-01 -2.419703908681e-01 9.496987869709e-01 1.798721063709e+00
9.0721104145e+00 9.743534621931e-01 4.919772396190e-02 2.195789486022e-01 -1.615628796913e+00 -9.982488382918e-02 9.690355586356e-01 2.258430398936e-01 -6.266864193319e-02 -2.016688455880e-01 -2.419703908681e-01 9.490943086239e-01 1.846571899710e+00
9.1388242245e+00 9.737470670420e-01 4.919772396190e-02 2.222526341445e-01 -1.663907107067e+00 -1.004444266252e-01 9.690355586356e-01 2.255681787394e-01 -6.020516771252e-02 -2.042732644942e-01 -2.419703908681e-01 9.485371702553e-01 1.895161488497e+00
9.2055380344e+00 9.728133100359e-01 4.919772396190e-02 2.263047674574e-01 -1.712335468487e+00 -1.013826776119e-01 9.690355586356e-01 2.251480374779e-01 -5.580272740925e-02 -2.082205957566e-01 -2.419703908681e-01 9.476784863264e-01 1.944053849080e+00
9.2722518444e+00 9.712947795319e-01 4.919772396190e-02 2.327359774745e-01 -1.764817953487e+00 -1.028700451162e-01 9.690355586356e-01 2.244723589168e-01 -5.947497131845e-02 -2.144859087956e-01 -2.419703908681e-01 9.462801513671e-01 1.993143127800e+00
9.3389658928e+00 9.694724708800e-01 4.919772396190e-02 2.402138883639e-01 -1.818296811130e+00 -1.045967801848e-01 9.690355586356e-01 2.236729748424e-01 -6.502191157449e-02 -2.217715982287e-01 -2.419703908681e-01 9.445992209198e-01 2.040450889540e+00
9.4056799412e+00 9.672986955882e-01 4.919772396190e-02 2.488228636406e-01 -1.872208681846e+00 -1.065810667857e-01 9.690355586356e-01 2.227342863205e-01 -7.122109061230e-02 -2.301601827340e-01 -2.419703908681e-01 9.425903777500e-01 2.084264624649e+00
9.4723937511e+00 9.664596692909e-01 4.919772396190e-02 2.520620788440e-01 -1.914211644211e+00 -1.073266655856e-01 9.690355586356e-01 2.223759720702e-01 -6.814220052534e-02 -2.333167256937e-01 -2.419703908681e-01 9.418140131972e-01 2.119467279066e+00
9.5391073227e+00 9.658835372976e-01 4.919772396190e-02 2.542608431012e-01 -1.953983007823e+00 -1.078324589479e-01 9.690355586356e-01 2.221311479670e-01 -6.332480606364e-02 -2.354594512327e-01 -2.419703908681e-01 9.412806046915e-01 2.153056297417e+00
9.6058213711e+00 9.641637972231e-01 4.919772396190e-02 2.607062639855e-01 -2.029029922332e+00 -1.093136575958e-01 9.690355586356e-01 2.214059853819e-01 -6.665648806273e-02 -2.417409696086e-01 -2.419703908681e-01 9.396869870099e-01 2.219096327201e+00
9.6725351810e+00 9.625944177821e-01 4.919772396190e-02 2.664424343300e-01 -2.087310708328e+00 -1.106300079565e-01 9.690355586356e-01 2.207511889876e-01 -6.948392376239e-02 -2.473317371351e-01 -2.419703908681e-01 9.382309639683e-01 2.268346429539e+00
9.7392489910e+00 9.610984817756e-01 4.919772396190e-02 2.717890584360e-01 -2.141212868513e+00 -1.118553808257e-01 9.690355586356e-01 2.201328232686e-01 -7.192959766735e-02 -2.525432281984e-01 -2.419703908681e-01 9.368416343408e-01 2.313297117305e+00
9.8059625626e+00 9.596226062253e-01 4.919772396190e-02 2.769549378119e-01 -2.194850677523e+00 -1.130378713981e-01 9.690355586356e-01 2.195279611568e-01 -7.433199726037e-02 -2.575789068445e-01 -2.419703908681e-01 9.354696342971e-01 2.357967175936e+00
9.8726766109e+00 9.576998350702e-01 4.919772396190e-02 2.835323788627e-01 -2.250089669843e+00 -1.145413896665e-01 9.690355586356e-01 2.187472426184e-01 -7.294617747260e-02 -2.639910906827e-01 -2.419703908681e-01 9.336803703534e-01 2.400346125296e+00
9.9393904209e+00 9.554642592392e-01 4.919772396190e-02 2.909770322094e-01 -2.306683516906e+00 -1.162403078244e-01 9.690355586356e-01 2.178492068766e-01 -7.315829695992e-02 -2.712494058119e-01 -2.419703908681e-01 9.315976007858e-01 2.441028275455e+00
1.0006104946e+01 9.528041106099e-01 4.919772396190e-02 2.995728805513e-01 -2.365266758006e+00 -1.181981665996e-01 9.690355586356e-01 2.167931721996e-01 -7.762567768933e-02 -2.796310430144e-01 -2.419703908681e-01 9.291161443683e-01 2.479317325356e+00
1.0072819710e+01 9.518459867926e-01 4.919772396190e-02 3.026033730542e-01 -2.421200860796e+00 -1.188874464748e-01 9.690355586356e-01 2.164159448160e-01 -8.175669768812e-02 -2.825862567386e-01 -2.419703908681e-01 9.282215993208e-01 2.514926008862e+00
1.0139534473e+01 9.508138156926e-01 4.919772396190e-02 3.058311165416e-01 -2.476174908593e+00 -1.196210323310e-01 9.690355586356e-01 2.160113300824e-01 -7.952943593947e-02 -2.857339610760e-01 -2.419703908681e-01 9.272574795767e-01 2.553522507757e+00
1.0206248999e+01 9.490128265063e-01 4.919772396190e-02 3.113747566576e-01 -2.530243039272e+00 -1.208796144111e-01 9.690355586356e-01 2.153095560343e-01 -6.565567318714e-02 -2.911404711586e-01 -2.419703908681e-01 9.255741763882e-01 2.598523259293e+00
1.0272963762e+01 9.473931967278e-01 4.919772396190e-02 3.162684219944e-01 -2.583513811058e+00 -1.219892074151e-01 9.690355586356e-01 2.146828343723e-01 -6.899527089935e-02 -2.959134401613e-01 -2.419703908681e-01 9.240592869914e-01 2.639855994975e+00
1.0339678526e+01 9.455929013324e-01 4.919772396190e-02 3.216110211215e-01 -2.636319672350e+00 -1.231990586556e-01 9.690355586356e-01 2.139908363605e-01 -7.521403683633e-02 -3.011246534182e-01 -2.419703908681e-01 9.223742586645e-01 2.681326624243e+00
1.0406393051e+01 9.433893703514e-01 4.919772396190e-02 3.280184139114e-01 -2.688525765552e+00 -1.246479129297e-01 9.690355586356e-01 2.131501440350e-01 -8.121812348994e-02 -3.073750050187e-01 -2.419703908681e-01 9.203102391221e-01 2.724224480786e+00
1.0473107576e+01 9.413328756773e-01 4.919772396190e-02 3.338742295028e-01 -2.740455988663e+00 -1.259700048955e-01 9.690355586356e-01 2.123714763487e-01 -7.942245085352e-02 -3.130878072295e-01 -2.419703908681e-01 9.183824665723e-01 2.764746183832e+00
1.0539822340e+01 9.390722842729e-01 4.919772396190e-02 3.401805827313e-01 -2.793714536433e+00 -1.273916243495e-01 9.690355586356e-01 2.115217722729e-01 -7.829726622071e-02 -3.192406912598e-01 -2.419703908681e-01 9.162618135594e-01 2.805439494106e+00
1.0606536865e+01 9.363840377826e-01 4.919772396190e-02 3.475118958293e-01 -2.849474362686e+00 -1.290414178444e-01 9.690355586356e-01 2.105193544086e-01 -8.082964232642e-02 -3.263943110206e-01 -2.419703908681e-01 9.137379732049e-01 2.847187266342e+00
