0.9999994218311503 -0.0009600463459651516 -0.0004844051807321683 0.5684000253677368 0.000960841963105007 0.9999981855229956 0.0016449113772411604 -0.03727345913648605 0.00048282511063295005 -0.001645375863029434 0.9999985298080105 -0.08022342622280121
0.9999792169252817 -0.006377121843036563 -0.0009476468221698339 0.48572418093681335 0.006376852272649221 0.999979626424435 -0.0002872127088585727 0.042704030871391296 0.0009494591056549531 0.00028116373590376194 0.99999950973706 -0.4635987877845764
0.9981290260935878 -0.04976084314104842 -0.03552894255896033 2.560713529586792 0.04977066291689656 0.9987604872025019 -0.000608535811351624 -0.8923277854919434 0.035515185235031305 -0.001160901767168327 0.9993684625426241 -2.243450880050659
0.998488857582972 -0.04620632870105262 -0.029748554092967117 1.8682197332382202 0.04622686641947531 0.9989309669912558 2.6364429006849503e-06 -1.3333653211593628 0.02971663008633205 -0.0013778148950881139 0.9995574138199503 -2.0981810092926025
0.999977327787799 0.0026929011236628705 -0.006171887386486577 1.126763105392456 -0.0026404818045331156 0.999960509519018 0.008485709063260077 -1.2534722089767456 0.006194494831156646 -0.008469219917119871 0.9999449487585718 -1.4810230731964111
0.9999648121592537 -0.004078797841465273 -0.0073306105801165524 0.9993850588798523 0.0041114030249627285 0.9999816989375563 0.004438260371490571 -1.0037270784378052 0.007312373655331478 -0.004468243293205343 0.9999632813225683 -0.7196938395500183
0.9999907254907049 0.002419265419619562 -0.0035631569433914084 0.6744458675384521 -0.002401263452299336 0.9999843762261781 0.005047894350559647 -0.8902917504310608 0.003575313469677434 -0.0050392914552736 0.9999809111554193 -0.8710169196128845
0.999996043012687 -0.0018960015783667668 -0.002078253349161039 -0.6400250196456909 0.001909869716908707 0.9999757882884999 0.006691429926256947 -1.3640773296356201 0.002065516069388811 -0.006695372641489249 0.9999754525129899 -1.447719931602478
0.9999877163985239 -0.00479061711055802 -0.0012716287844268055 -1.1202737092971802 0.00480124723221219 0.9999524128757741 0.008492350024153269 -1.9536676406860352 0.0012308846739353151 -0.008498351111691607 0.9999631307959818 -1.4623888731002808
0.9999894234766369 -0.004542105229309392 0.0007226444139855257 -1.3849130868911743 0.004534503599447287 0.9999377551483422 0.010194317338623105 -2.2252116203308105 -0.0007689030951841752 -0.010190932684491266 0.9999477754758246 -1.3700803518295288
0.9999752182653171 -0.0031780708332478417 0.006281936087767454 -2.340414524078369 0.003093374875049749 0.9999048067336306 0.013446505228640458 -3.0071089267730713 -0.00632407203582839 -0.013426739617654898 0.9998898583224684 -0.5425065159797668
0.9999622857300137 -0.003489206800412172 0.007953147396496966 -2.6408817768096924 0.0033755674545678815 0.9998926586469331 0.014257514801937057 -3.217609405517578 -0.00800204111249818 -0.014230130704661488 0.9998667264781653 -0.14053133130073547
0.9999189320069771 -0.006140702221946091 0.01115442469370383 -3.191317558288574 0.005964459606783295 0.9998579289410342 0.015765378376204443 -3.8134231567382812 -0.01124965046680002 -0.015697570193097733 0.999813498435787 0.6782237887382507
0.9998858757287139 -0.005143002559238365 0.014205106226250031 -3.645765542984009 0.004894771215796341 0.9998356751022214 0.017454627112336 -4.176839351654053 -0.01429254116553076 -0.01738310437066265 0.9997467434052839 1.16926908493042
0.9998451183328871 -0.007155616368382273 0.016079070255559668 -4.0922346115112305 0.006857632668903642 0.9998051254143134 0.018511727889291296 -4.548586368560791 -0.01620839967649704 -0.01839859640454454 0.9996993445182754 1.5485410690307617
0.999795969994668 -0.009493788450013644 0.017829368000230127 -4.452012538909912 0.009162856688053571 0.9997859115143322 0.018551905421561245 -4.811160564422607 -0.018001678803251504 -0.018384752332374483 0.999668915412469 2.1409082412719727
0.9997968025557195 -0.008494906419556369 0.018280868805481333 -4.595247268676758 0.008142882113613857 0.9997816288722775 0.01924546804782325 -4.919628620147705 -0.01844036524161135 -0.01909269845828447 0.9996476488219923 2.2267401218414307
0.9998112737005163 -0.009499223559357938 0.016946437180751648 -4.435123920440674 0.009194797525957792 0.9997965632222167 0.017952377767340627 -4.813417911529541 -0.0171135233020107 -0.017793170622854283 0.999695218753885 2.6358859539031982
0.9998244170267082 -0.01194136132022661 0.01444087971777163 -4.017735004425049 0.011710054572541614 0.9998034603101235 0.015997355213018833 -4.57268762588501 -0.014629071710517024 -0.01582544286025511 0.999767745838585 2.9887866973876953
0.9998018583910968 -0.014770290972235527 0.013344754111829945 -3.8053157329559326 0.014570774008373684 0.9997824225291843 0.014926491432112355 -4.442976951599121 -0.013562319215628511 -0.014729090476723923 0.9997995386032253 3.5652527809143066
0.9998667925193648 -0.01004928436593866 0.012861146946108284 -3.545328378677368 0.009859033411335968 0.9998422876272635 0.014771571767224378 -4.41154146194458 -0.013007562309328011 -0.014642805605914464 0.9998081773854202 4.1287102699279785
0.9998726449349405 -0.008522029863818049 0.013493291585349931 -3.3732059001922607 0.008342083788232675 0.9998762653278289 0.013336553983084948 -4.017381191253662 -0.013605276508663377 -0.013222293336400714 0.9998200175081762 4.382862567901611
0.9998428371617146 -0.0017470918990048082 0.017642240399388266 -2.902514696121216 0.001617650827825368 0.9999716902086376 0.007348604430775121 -1.9503566026687622 -0.017654579638513388 -0.007318910518458578 0.999817358004256 4.3367743492126465
0.9997915659902952 -0.0018981426408279508 0.02032785353125654 -2.8973164558410645 0.0019360621331307142 0.9999964221920876 -0.0018458782301525591 0.04655646160244942 -0.020324277061922906 0.001884849473821315 0.9997916638502099 3.914973258972168
0.9998704660023673 -0.008357969268015224 0.013754837909771028 -2.611365795135498 0.00841978282940375 0.9999546860622031 -0.00444219307852023 0.1746591329574585 -0.013717086910668714 0.004557430411546434 0.9998955302203972 3.652341604232788
0.9998429302589917 -0.006392565531578884 0.01653027274540639 -2.699610710144043 0.00649374002462644 0.9999604672829772 -0.006074142878000912 0.4459158182144165 -0.016490789902415846 0.006180532107697053 0.999844915410015 3.5968852043151855
0.9998210852098214 -0.00675267136311694 0.017669153893628067 -2.721672534942627 0.006886116399505123 0.9999481454594178 -0.007502519123819571 0.7046242356300354 -0.017617575621731784 0.007622848662577014 0.9998157396277976 3.7403697967529297
0.9998651697890754 -0.006566309966363469 0.015050774600981542 -2.371772050857544 0.0066909661793867654 0.9999436070492361 -0.008247041466462372 0.856961727142334 -0.014995773212816263 0.008346633739950685 0.999852719399693 3.6135149002075195
0.9999609921635456 -0.005305534983470156 0.007061547269330799 -2.571747064590454 0.005355290384885448 0.9999608379880617 -0.007045804078129387 0.419921875 -0.00702388896490914 0.0070833458727500775 0.999950244359716 4.074255466461182
0.9998647515512887 -0.0006738353965369805 0.016432423775505318 -2.715399980545044 0.0007195185959392698 0.9999958927374311 -0.0027743109519380357 0.3652476668357849 -0.016430486854305815 0.0027857591651683747 0.9998611296813192 4.6972737312316895
0.9999666183282612 0.0015651798078031097 0.008019503807013974 -2.272634267807007 -0.001516952143174568 0.9999807509843216 -0.006016354130809214 0.4152832627296448 -0.008028766115461595 0.0060039880913633084 0.9999497442580111 5.048696041107178
0.9997924546766376 -0.005646262192370201 0.019574659509639374 -2.3038859367370605 0.005796742672334333 0.9999540182522243 -0.007639316436749228 0.5652991533279419 -0.01953062584901064 0.0077512001964250375 0.9997792124011484 4.620944023132324
0.9998719858798708 -0.009959651928754289 0.012522666892533863 -1.934254765510559 0.010085218580076568 0.9998990960408184 -0.010004304220997668 0.5527850389480591 -0.01242176391803439 0.010129317361612006 0.9998715401045039 4.872365951538086
0.9997458807254197 -0.017556274116503352 0.01414041059167808 -1.7541584968566895 0.01777649770434105 0.9997202489041043 -0.01560192489673992 0.8902508020401001 -0.013862543126086379 0.015849327123324507 0.9997782897861983 6.041072845458984
0.9995430580898138 -0.026904598051258923 0.013777431842087452 -1.8610173463821411 0.02714927898474703 0.9994712632987264 -0.017891631861196446 1.1376627683639526 -0.013288780044516654 0.01825750376553161 0.9997450034289646 6.232082843780518
0.9999868382437878 -0.0038081400207528476 0.003438227563035182 -1.0235177278518677 0.0038693320284532173 0.9998310417749907 -0.0179698684689324 1.8017407655715942 -0.003369214870924747 0.017982935597935203 0.9998326172007164 6.308758735656738
0.9993929118781552 0.002911478330030429 -0.03471787697476885 9.530173301696777 -0.004404085792511122 0.9990656311685777 -0.04299382102189598 7.908239841461182 0.03456026209440003 0.04312062049257161 0.9984719326913007 5.386924743652344
0.9994387457028706 0.0024418733200467905 -0.03341004104399478 9.558606147766113 -0.004151162376213147 0.998680425615985 -0.051187648338257924 9.257761001586914 0.033240960256871115 0.0512976095560377 0.9981300485483028 6.6926751136779785
0.999464369059258 0.0017803169864752748 -0.032677292611350474 9.411179542541504 -0.0036825965503911005 0.9982954323148887 -0.058246616226842476 10.365429878234863 0.03251789451405488 0.05833575482204451 0.997767270582532 8.012181282043457
0.999467037714044 0.0019464815358114181 -0.032586066542994 9.37829303741455 -0.004095039770908622 0.9978113100983614 -0.065998637024307 11.620146751403809 0.0323862806198607 0.06609690347831958 0.9972874852208812 9.314933776855469
0.9994599235538542 0.0021357673086055354 -0.03279176280298702 9.300703048706055 -0.00458185814950964 0.9971953850032791 -0.07470187885227259 12.993433952331543 0.032540248702516754 0.0748117813326573 0.996666609046482 10.87540054321289
0.9995182965109313 0.0014389334978310525 -0.03100168399095142 8.725610733032227 -0.0039733031662318825 0.9966372515989581 -0.08184376327628316 14.629446029663086 0.030779665395114442 0.08192751793911424 0.99616288527655 10.466732025146484
0.9996053381826605 0.00014124533517718458 -0.028091776848107698 8.232059478759766 -0.002834213939968843 0.9953920831772816 -0.09584658564254707 16.732662200927734 0.02794879439387458 0.09588837676041301 0.9949996402482675 12.500198364257812
0.9996895513864373 0.0009304071733308733 -0.02489849777146576 7.579566478729248 -0.003590415566396763 0.9942520952560887 -0.10700411204686516 18.30191421508789 0.024655826184584586 0.10706028872261326 0.9939467716199828 14.334912300109863
0.9997643975759714 0.0019122122972546891 -0.021621581433493867 6.878453254699707 -0.004467822854729041 0.9929110871459275 -0.11877546708656199 20.06093978881836 0.021241184018169504 0.11884408469428522 0.9926856983127558 16.28534507751465
0.9998815624517879 -0.00012897752905794853 -0.015389750932646431 5.553587436676025 -0.0018494784197439097 0.9917112793092803 -0.1284730240958238 21.91483497619629 0.015278759718864459 0.12848627107807364 0.9915935849156676 16.71001434326172
0.9999294421399988 0.000167897030406343 -0.011877817652166174 4.976070404052734 -0.0018666990217639048 0.9896981436064469 -0.14315760537503838 24.130191802978516 0.011731418343622194 0.1431696767913522 0.9896286260366092 18.9343204498291
0.9999687087974758 0.0009360852111884379 -0.007855263864873473 4.2091264724731445 -0.002149617934653384 0.9877648175771823 -0.15593602630390133 25.97463607788086 0.007613183870392804 0.15594803269420676 0.9877359214537873 21.006444931030273
0.9999928715768109 -0.00013715093412167666 -0.003773325480919629 3.3455989360809326 -0.0005045481853254174 0.9855240652429365 -0.16953484083858703 27.845136642456055 0.003741954929227853 0.16953553614702027 0.9855169708110815 23.2685489654541
0.9999963741403788 -0.0005515080359303773 0.0026358196034643104 1.9045242071151733 0.001011442566680272 0.984061151391151 -0.17782752122957926 29.471967697143555 -0.0024957343668767637 0.17782954243209553 0.9840581411422608 23.537521362304688
0.9999757466384422 0.00012453608669796805 0.006963521067206522 1.2792720794677734 0.0012268696329279121 0.9810548642478438 -0.19372621951235414 31.756132125854492 -0.0068557221205441535 0.19373006433284465 0.9810309175799701 26.125167846679688
0.9999364057288669 0.0016289659734086462 0.011159344420353193 0.5649781227111816 0.0007297681800699318 0.9780931225892255 -0.2081665462605877 33.51417922973633 -0.0112539742508124 0.2081614517952724 0.9780297327024605 28.648256301879883
0.999897717830468 -0.0014507966924950924 0.01422845973317977 -0.27053356170654297 0.004569830252585584 0.9751003630922203 -0.22171693338327292 35.12067794799805 -0.013552510058444022 0.2217592773400409 0.9750072576061876 31.087329864501953
0.9998119303360932 -0.0031260628152041735 0.019139793334571924 -1.422365665435791 0.007476626363355559 0.9727634023917408 -0.23167965604572743 36.884300231933594 -0.01789424532740911 0.23177918521411536 0.9726038275092499 32.030517578125
0.9997117397417068 -0.0017472361546760763 0.023945450265753194 -2.1753756999969482 0.007674902817043956 0.9682744402077553 -0.24977130401050257 39.206974029541016 -0.02274935799882708 0.24988308387359429 0.9680087350352079 35.14110565185547
0.9995318593847926 -0.008389768402439896 0.029422336088974686 -3.4126784801483154 0.015887435025623856 0.9641747051921877 -0.26479185651349707 40.83100128173828 -0.026146729873652297 0.26513534214380263 0.9638566277529055 37.86807632446289
0.9993391413233026 -0.009234001966140574 0.035156988308061625 -4.2438249588012695 0.018701706977908863 0.9599755151808205 -0.2794588635370699 42.364837646484375 -0.03116932426788083 0.27993167641588457 0.9595137986312006 40.74420928955078
0.9990079416369685 -0.012239239905036206 0.042817444491868126 -5.6808977127075195 0.024250153211519385 0.9559439411160402 -0.2925459135123076 44.1285285949707 -0.0373505370173586 0.29329402048129055 0.9552923923775565 42.64387512207031
0.9987321046924414 -0.014514540880098977 0.04820281277733402 -6.600240707397461 0.028814366680003534 0.9499855519784429 -0.3109617071361743 46.302650451660156 -0.041278509292815825 0.3119563737692395 0.9491992970579518 45.89695739746094
0.9984232964436149 -0.015317590506437658 0.05400270863338439 -7.5170793533325195 0.03217836076924655 0.944464695488911 -0.32703362529446794 48.04013442993164 -0.045994284610909354 0.3282557088553303 0.9434684495980854 48.86408233642578
0.9980501320915729 -0.018542910599625713 0.05959944881027155 -8.413261413574219 0.03792261834855487 0.9385540131609463 -0.34304262037984745 49.75447463989258 -0.04957629322149589 0.3446338997341622 0.9374271525320993 52.08301544189453
0.9975200443033667 -0.021837835970854577 0.06690941737244009 -9.774497985839844 0.04430837752785969 0.9334704493614536 -0.35590685277158485 51.30720901489258 -0.05468572842943574 0.3579888672696903 0.932123083083509 54.22338104248047
0.9970987439350014 -0.02318863087218828 0.07250091200472104 -10.537551879882812 0.04863848961394898 0.926753126544003 -0.37250897944746175 52.893470764160156 -0.05855247365668409 0.37495457036711677 0.9251922383966992 57.45559310913086
0.9965999854580148 -0.02647948876235214 0.07802118725044474 -11.611516952514648 0.05472159801704752 0.9206543850954814 -0.3865243199527314 53.99549102783203 -0.06159558178591347 0.38947957568959285 0.9189731467377648 60.41753387451172
0.9959820508461813 -0.0285115028372004 0.08489315990230861 -12.724671363830566 0.060253205953871306 0.9146582544141835 -0.39971218245667567 54.929019927978516 -0.06625183442377269 0.4032212442790716 0.9127011135073311 63.359127044677734
0.9952164524533974 -0.02942486135796566 0.0931578783578662 -14.065155982971191 0.06530215407025829 0.9095984533969503 -0.41032460595443226 55.91568374633789 -0.07266251743408526 0.41444520881769203 0.9071688527767038 65.68255615234375
0.9946696982585918 -0.03253874415879975 0.0978438628363086 -14.815741539001465 0.07159497490780482 0.9008186608539238 -0.4282521451496701 57.416160583496094 -0.07420479050649623 0.4329745608992651 0.8983466361488618 69.42096710205078
0.9940270955920482 -0.0311178556441694 0.10460311796952108 -15.64345645904541 0.07466198524590134 0.8929844497097821 -0.4438517326040963 58.48959732055664 -0.07959724359535146 0.449010525084464 0.8899740598328673 72.91592407226562
0.9930277109549708 -0.03443153056866649 0.11274056491888867 -16.923381805419922 0.08252922147894369 0.8859673715760645 -0.4563449836523671 59.08850860595703 -0.08417180571670438 0.4624676055739458 0.8826317583891319 75.80272674560547
0.9927051628969487 -0.03402470980664295 0.11566667056812834 -17.111425399780273 0.08539614350354152 0.8756561944153592 -0.47532486559902654 60.3355598449707 -0.08511144595449388 0.4817349357318647 0.872174004120136 79.75453186035156
0.9923257015709491 -0.0337011090394024 0.11897032088398315 -17.43958282470703 0.08836375346991934 0.8663055361299962 -0.49163661900150096 61.19375228881836 -0.086495948312224 0.49837631697346335 0.8626352054058164 83.39752197265625
0.9918797872199662 -0.032916206714686126 0.12284547626995063 -17.695011138916016 0.09105307530825998 0.8581629356614917 -0.5052382738211338 61.77915954589844 -0.0887909070872873 0.512321089935176 0.8541915918728363 86.3431396484375
0.9918257177012769 -0.03224159865229405 0.123459406375904 -17.517662048339844 0.09291257791222007 0.8456552569822552 -0.5255800978004979 63.060279846191406 -0.0874585534527747 0.5327547894243839 0.8417382822310792 90.37674713134766
0.9916475379377525 -0.029555483067461884 0.12554534608117568 -17.453125 0.09355250255875311 0.834897875752006 -0.5423960419562277 63.730587005615234 -0.0887867657198284 0.549610780903574 0.8306894123242305 93.90851593017578
0.9914247585708316 -0.031175853823454353 0.12690553270503035 -17.468334197998047 0.09686767194097395 0.8271573872690346 -0.5535587690742515 64.40252685546875 -0.08771318159492772 0.5611049124937717 0.8230842453539324 96.11223602294922
0.9914862346660223 -0.03304629358888112 0.12594835825778206 -17.123239517211914 0.09967827922037982 0.8149819114939717 -0.5708491259424822 64.99214935302734 -0.08378118595160333 0.5785433660648692 0.8113373444276267 99.74391174316406
0.9916400898166543 -0.030706202705762912 0.12532781568275667 -16.763511657714844 0.09892639699719265 0.8045196906978357 -0.5856292643444427 65.22017669677734 -0.08284624460753945 0.5931316855428076 0.800831632342015 103.10775756835938
0.9913697613855856 -0.03144554107467361 0.12726811916897549 -16.816953659057617 0.10201055617336961 0.7947938859493215 -0.5982445363618268 65.39042663574219 -0.08233979985090645 0.6060642348828202 0.7911424021985011 105.92784118652344
0.9918387692103323 -0.029168457476643525 0.12411710993963217 -16.145835876464844 0.09997816228585997 0.782041234999357 -0.6151551623993926 65.8665771484375 -0.07912157074575646 0.622543739707592 0.7785750247687184 109.48091125488281
0.9922880338147141 -0.028161389498192812 0.12071202959796445 -15.272595405578613 0.09870506395960824 0.7685943884355133 -0.6320759261466689 66.181640625 -0.07497845221700976 0.6391162665798537 0.7654466862533087 112.96713256835938
0.9926259814932508 -0.026072202130332008 0.11838032412793804 -14.984947204589844 0.09669238477709859 0.759273569149418 -0.6435481566419265 66.80799865722656 -0.07310433359711362 0.6502490964754809 0.756195655199197 115.01457214355469
0.9924852420037279 -0.0256374378275588 0.11964851100803302 -14.616323471069336 0.09872015903442634 0.7455110429337798 -0.6591415743707912 66.78395080566406 -0.07230058509458213 0.6660000049890584 0.7424396398021559 118.4873046875
0.9921497005430507 -0.023990671423037114 0.12273312265646384 -14.593502044677734 0.10088199239799761 0.7335323089869487 -0.6721258626790713 66.01024627685547 -0.07390396012491535 0.6792310353310921 0.7301940874321754 121.78263854980469
0.9929453175557689 -0.021852194132661724 0.11654217243411177 -13.426401138305664 0.09599921876383993 0.7250551804590563 -0.6819671071878894 67.01201629638672 -0.06959702824694587 0.6883440033159832 0.7220379399713841 123.068359375
0.9937480349689587 -0.019099233922530476 0.11000028299466288 -12.184767723083496 0.09086625581735301 0.710830148212826 -0.6974695863946093 66.87872314453125 -0.06487038268014779 0.7031043447848295 0.7081215388587095 126.4165267944336
0.994899050024607 -0.015390580634621542 0.09969458504785537 -10.360877990722656 0.08190756718107829 0.7001203798207357 -0.7093113591351449 66.22544860839844 -0.05888149708195268 0.7138589382976153 0.6978097058038029 129.140869140625
0.9959760532964239 -0.01500278048679778 0.08835506684816893 -8.896553039550781 0.07437161773460971 0.6884646771684855 -0.721446637504695 67.05686950683594 -0.05000563703840326 0.7251146839424496 0.6868101130555849 130.94822692871094
0.9957995624838273 -0.01097647159965712 0.09089966132082142 -8.304033279418945 0.0744634378831277 0.6747713706391579 -0.7342607124069608 66.6650619506836 -0.05327689720360692 0.7379451974482752 0.6727543814702229 134.02993774414062
0.995640797544403 -0.008922954937576203 0.09284278722834279 -8.421586990356445 0.07528844020799505 0.6644509992105293 -0.7435297710375669 65.69630432128906 -0.05505500010164836 0.747278562868835 0.6622263181424431 136.51052856445312
0.9955558372965383 -0.005037865126274966 0.09403826210515426 -7.6817145347595215 0.07471847354686587 0.6500636914686463 -0.756197293531908 66.65086364746094 -0.05732123982970478 0.7598630251230322 0.6475511242483171 138.73291015625
0.9960916100681303 -0.002207405337111636 0.08829853743724905 -6.588996887207031 0.069636766889739 0.6345907163006901 -0.769704711874704 66.02896118164062 -0.05433438183161497 0.772845230396523 0.6322642049051341 141.9457244873047
0.9957414636391028 0.0013367706855630334 0.092179990420873 -7.354986667633057 0.07149032598682196 0.6201215317283423 -0.7812415882281186 66.92090606689453 -0.058207137707981714 0.7845046200826542 0.6173851554652211 144.09237670898438
0.9953948120861711 0.002777314012805546 0.0958199071112605 -7.092275142669678 0.07480410684046085 0.6025806661163953 -0.7945444521375268 66.0748291015625 -0.05994592289503293 0.7980531481985369 0.5995979144215456 147.45086669921875
0.994793624863377 0.005301586952180508 0.10177198586532071 -8.273677825927734 0.07913215181212369 0.5890909776787525 -0.8041827668926227 66.95101165771484 -0.0642164035178363 0.8080493259654882 0.5856044230758118 149.35888671875
0.9942444240968128 0.009016507733457756 0.1067554576623141 -7.876062393188477 0.08202140546645297 0.5769912667817481 -0.8126214168374484 65.7970962524414 -0.06892397404173212 0.816700545270962 0.572930803113612 151.77716064453125
0.9935177899498541 0.01412958915382445 0.11279519388476603 -8.731575012207031 0.08523515479927087 0.5639365646339415 -0.8214076451161219 66.16122436523438 -0.07521548669989556 0.8256972240350652 0.5590766716482503 153.70751953125
0.9934046013066923 0.014171946637100011 0.11378248560831686 -8.124366760253906 0.08707402057029122 0.5523946249407667 -0.8290224926250638 64.87226104736328 -0.07460169598887242 0.8334622572528793 0.5475173537802424 155.95233154296875
0.9929096480025826 0.018856911763395802 0.11736629747135638 -8.571982383728027 0.08869554924176776 0.5398273617114874 -0.8370899109966122 65.06889343261719 -0.0791424693074999 0.8415645170908541 0.5343272715532579 157.76075744628906
0.9926943517072228 0.023803900896159594 0.11828481893591739 -8.082201957702637 0.08819425793457093 0.5258588719908232 -0.845987127334636 63.97096252441406 -0.08233891519778068 0.8502386847530904 0.5199177646449367 160.26185607910156
0.9920659534094703 0.028428097457271723 0.12246218747318871 -8.548008918762207 0.09101696723910405 0.5095494784347855 -0.8556139554153109 64.2928237915039 -0.08672402066529444 0.8599716113348148 0.5029192499177653 162.5858917236328
0.9918036589578657 0.03513618541630159 0.12284523007500435 -8.138235092163086 0.0897615740625223 0.4926251710794967 -0.8655999657120574 63.50743865966797 -0.0909305333736023 0.8695319944046268 0.4854335678618696 165.31556701660156
0.9908853948328672 0.03873256846491556 0.12901907784131508 -8.63631820678711 0.09557353147760413 0.47281702413483173 -0.8759621919747342 63.65187072753906 -0.09493068201488972 0.8803089513508268 0.46480567529215405 168.1788787841797
0.9904436637993277 0.044717025087767696 0.13046737717554002 -8.284152030944824 0.09634948702698508 0.45251704200785564 -0.8865354493995702 62.896522521972656 -0.09868193952999456 0.8906338834559131 0.44388417458931545 171.0714111328125
0.9891647491733944 0.04319055257080167 0.14031277618722007 -9.732217788696289 0.10725777292028219 0.43999207373644256 -0.8915731855530911 63.56256866455078 -0.10024404790768016 0.8969624023434506 0.43059212677584924 172.7406005859375
0.9886203262736568 0.04342747919257896 0.14402744366802647 -9.664678573608398 0.11243895440918052 0.422726818666121 -0.8992549795868751 62.43573760986328 -0.0999366399772308 0.905216046494647 0.41303338504128545 175.16766357421875
0.98742577554917 0.0500509294544071 0.14995079940390724 -10.63107681274414 0.11648249326467151 0.4109257610370989 -0.9041967969855498 62.707122802734375 -0.10687453646199652 0.9102938664941292 0.39992863123212663 177.0413360595703
0.9869043219972823 0.05075179625525279 0.15311470993980236 -10.125490188598633 0.12093396979758389 0.39536082452221627 -0.9105299519412364 61.138946533203125 -0.106746588573507 0.9171227145862099 0.3840456902738785 179.1100311279297
0.9861801683899956 0.055186681878936064 0.1562149340411251 -10.807806015014648 0.12368606545302178 0.38209218268431067 -0.9158096533364833 61.329200744628906 -0.11022900111599836 0.9224749286971068 0.3699859095131013 180.94105529785156
0.9858316744680273 0.05775666796647502 0.15748040170438915 -10.150310516357422 0.1258465410114035 0.36604122055427724 -0.9220501466680651 60.022064208984375 -0.1108988626227995 0.9288046038648524 0.35358655249941856 182.93133544921875
0.9845892785344222 0.059251087277295056 0.1645395431242128 -10.965307235717773 0.13330983640687602 0.3546808030687224 -0.9254350411842521 59.813453674316406 -0.11319204968653172 0.9331081591064269 0.34131616325157704 184.4840087890625
0.9839666365415133 0.06098017190418593 0.16760392837794005 -10.852767944335938 0.1379127031868597 0.33573203466298496 -0.9318068937289236 58.72969055175781 -0.11309175245293028 0.9399816059559827 0.3219391805784703 186.70645141601562
0.9816753615098898 0.06146706593030149 0.18037539857294135 -11.939981460571289 0.1511148896551079 0.32555647269118076 -0.9333687766437235 57.750885009765625 -0.11609381865091722 0.943522539685617 0.31030217913551866 188.05123901367188
0.9802314457251354 0.06444974785258048 0.18706293810733748 -12.295064926147461 0.15918620462864813 0.30457665377358106 -0.9390914834200202 56.833526611328125 -0.11749921305071342 0.9503048416049593 0.28829610291267566 190.47216796875
0.9767231487190686 0.06497650214020681 0.20442589103616912 -13.789850234985352 0.17770728787231188 0.288628276456166 -0.9408048883094784 55.602081298828125 -0.12013330343154335 0.9552338835068438 0.2703631210188587 192.54222106933594
0.9745873647962576 0.07152981553324285 0.21228036618883783 -14.13203239440918 0.18615907654076116 0.26847316912936464 -0.9451280102076792 54.56251525878906 -0.12459641488011546 0.960627733800881 0.24833463401548794 194.87310791015625
0.9714162758288799 0.07364317681241589 0.22567033824524857 -15.122556686401367 0.20151207416062586 0.24666318235566223 -0.9479188564627565 53.27659606933594 -0.12547231974516157 0.9662991032693515 0.22477264068078967 197.3798828125
0.9702427237529587 0.07812327162035232 0.2291851029970588 -15.067985534667969 0.2072914317852021 0.2211735299613251 -0.9529493858295348 52.178009033203125 -0.12513720195401803 0.9721003158500564 0.19839772330180563 200.13621520996094
0.9675301160274672 0.07730507247149047 0.24064372077836146 -16.28526496887207 0.22081185337831083 0.20477563572280696 -0.9535769840038906 51.26866149902344 -0.12299430876065667 0.9757514359633289 0.1810567182625113 201.9688262939453
0.9672573577157011 0.08160307526992915 0.2403209147189039 -15.59445571899414 0.22262493584579754 0.18187141396465284 -0.9577896046220968 49.87303161621094 -0.12186608176393844 0.9799304704360347 0.15774958391868077 204.036865234375
0.9655760029658924 0.08598084530513006 0.24550005445422282 -15.946090698242188 0.22820810859492904 0.17293332579238493 -0.9581310578422505 49.54725646972656 -0.12483605916535552 0.9811734602357527 0.14735874341573255 204.94326782226562
0.9644655713701726 0.08877833943523744 0.2488464749373169 -15.53274154663086 0.23420666557247627 0.14864498039382212 -0.9607559042780549 47.811798095703125 -0.12228409317253484 0.9848974953013346 0.12257048709264734 206.989501953125
0.9632094093433896 0.09505068616767456 0.2513821807754342 -15.901737213134766 0.2369668496908922 0.14089073983715308 -0.9612473727276001 47.745452880859375 -0.1267846437859607 0.9854517575646177 0.11318342463838584 207.99497985839844
0.9631091251592218 0.09741677812925983 0.2508600892409012 -15.054435729980469 0.23875471966472742 0.12078588432222372 -0.9635387662083533 46.183746337890625 -0.12416519992677415 0.9878870084617031 0.09307127182826747 209.57655334472656
0.9619448540669226 0.09947815509353801 0.25449203208225046 -15.371292114257812 0.2439476530288863 0.10690795818630813 -0.9638777054471864 45.6605224609375 -0.12309199939827653 0.9892799326457709 0.07857209777340864 210.95057678222656
0.9608627381096645 0.10350011305167744 0.25696405412175555 -14.961566925048828 0.24823419970324803 0.09008180389511891 -0.9645024886980279 44.12713623046875 -0.12297390215036083 0.9905417685313889 0.06086398101194292 212.30015563964844
0.9579756482925904 0.10143669523132046 0.26831558683561235 -15.831039428710938 0.2610116615413098 0.07972415713739243 -0.9620379261277472 43.04148864746094 -0.11897718192088592 0.9916424031016827 0.04989764075468749 213.10415649414062
0.9566982407900675 0.10649644194202532 0.2709003210091841 -15.556625366210938 0.265471083762023 0.06249178614005114 -0.9620914095610892 41.60054016113281 -0.11938835686702097 0.9923473608161183 0.03151405600486725 214.50704956054688
0.9530228944687377 0.10622217795559187 0.2836621432775266 -16.38874053955078 0.2806684986195255 0.042460336548550644 -0.958865117575379 39.91046142578125 -0.11389713122414839 0.9934354376256942 0.010652453630724451 216.0863037109375
0.9516505325236408 0.10889560025238484 0.2872333758342577 -16.342727661132812 0.28692585625090306 0.018823052563448493 -0.957767845412906 38.42399597167969 -0.10970331335997671 0.9938749624262938 -0.013331995348645233 217.86544799804688
0.9484559994727328 0.10950573976845332 0.297388147077088 -16.82680892944336 0.29963991919111643 -0.004331624524315984 -0.9540425335676193 36.70710754394531 -0.10318495961777159 0.9939767250729489 -0.036920646282733435 219.60421752929688
0.9478145538817019 0.11394055421949086 0.29776689129952905 -16.40890884399414 0.30279952990558623 -0.029352284053624784 -0.9526021667568214 35.1988525390625 -0.09979988045577151 0.9930538724183046 -0.062321668270539136 221.4268798828125
0.9440285628725669 0.1155337149574416 0.3089693078428488 -17.03057861328125 0.3164394227478377 -0.052696456586141895 -0.9471479162170396 33.39485168457031 -0.09314592965756324 0.9919047555947081 -0.08630638224853819 223.14186096191406
0.9417299581270867 0.12099636074206786 0.31385437172856273 -16.743778228759766 0.3241796976315371 -0.07756003240896667 -0.9428106729435372 31.383956909179688 -0.0897341050519848 0.9896182708801893 -0.11226516971271161 224.74163818359375
0.9391425016430256 0.12497115644350529 0.31998995556869053 -17.195499420166016 0.33253389220424795 -0.09694820639084728 -0.9380950142779202 30.26129150390625 -0.08621236653272682 0.9874124038793368 -0.1326053261451295 226.37918090820312
0.9398869603171613 0.12952176456776143 0.315969324981113 -16.218250274658203 0.3312746430490871 -0.12125169848566614 -0.9357110325773877 28.667434692382812 -0.08288312674161598 0.9841352234919725 -0.15687016664725872 227.94281005859375
0.936568093720625 0.12886584940470286 0.32593526762490593 -16.970375061035156 0.3414602371529711 -0.1258059528992551 -0.9314385479775608 27.700393676757812 -0.07902602272638642 0.9836495590769685 -0.16182840498421094 228.18212890625
0.9350905090393983 0.13102870585269902 0.3292980688479748 -16.461742401123047 0.3468171230635408 -0.1470210553330703 -0.9263383250404136 25.750274658203125 -0.07296316231063094 0.9804163847729784 -0.18292099227348235 229.12295532226562
0.9322047390142739 0.1296543004645932 0.3379113595758019 -16.868423461914062 0.35623720563832334 -0.16372878424684573 -0.9199390950101257 24.2637939453125 -0.06394824374702401 0.9779481824616717 -0.19881643428445342 229.91217041015625
0.9307500116525821 0.13187706418674858 0.34104670611252447 -16.55864715576172 0.36074352119866804 -0.17879851954544726 -0.9153661569675506 22.6053466796875 -0.059737155288016416 0.9750074509201663 -0.2139905206504599 230.50213623046875
0.929772620385628 0.13309813371023796 0.3432313522743723 -16.383548736572266 0.36397357106399975 -0.1925771008103262 -0.9112833257612085 21.459686279296875 -0.055191611211869315 0.9722134266951578 -0.2274971186751533 231.12509155273438
0.9303128252470392 0.13759384187055002 0.33997938446349035 -15.600860595703125 0.3629382908572226 -0.21177677979458026 -0.9074284503857457 19.985198974609375 -0.05285682747299302 0.9675838621117757 -0.24695672813339242 231.9942169189453
0.9297972735267123 0.13987140000093268 0.34046001469199216 -15.26397705078125 0.3650399530296521 -0.2319392497233954 -0.9016374089010827 18.44091796875 -0.04714724630773099 0.9626215122775554 -0.2667151313031764 232.97598266601562
0.9303677524273691 0.14182872893897414 0.33808350579524116 -14.696792602539062 0.36435110389295855 -0.25507060102639284 -0.895649072786891 16.894195556640625 -0.040793606548433343 0.9564641133568943 -0.2889849157398737 234.07504272460938
0.9289157928241593 0.1469851484619215 0.33986882171433586 -14.487800598144531 0.3685219778365247 -0.2773554757984949 -0.8872798272788844 15.27703857421875 -0.03615247838420145 0.949457374596784 -0.31180713931926324 235.3135528564453
0.9279470625217195 0.14995574607623638 0.3412147760224216 -14.001605987548828 0.3715886061528865 -0.30119464806281493 -0.8781820379372789 13.3209228515625 -0.02891637831172886 0.9416979654841762 -0.335214535586237 236.13739013671875
0.9230270535850186 0.1477657996266087 0.35522714818953277 -14.824565887451172 0.38441367535359516 -0.3164817715510347 -0.8672170515373067 11.693603515625 -0.015722103908194784 0.9370189735200818 -0.34892443123414607 236.5594482421875
0.9204961426455366 0.15149536397068517 0.3601888477869325 -14.55706787109375 0.390676205025691 -0.3386968700680455 -0.8559535811203982 9.558074951171875 -0.0076781639349964015 0.9286191818509347 -0.3709547962988054 237.26223754882812
0.9175570168807644 0.1505611612784096 0.3679951867720143 -14.705596923828125 0.3975695013697311 -0.3596536641390156 -0.8441491180188508 7.681610107421875 0.005254745807012926 0.9208586094433158 -0.38986126899273643 237.85598754882812
0.9167378059002339 0.15332466630638306 0.3688947572618261 -14.328533172607422 0.39921085727573685 -0.38607821806642284 -0.8316094642125155 5.581756591796875 0.014915986940077475 0.9096346278790688 -0.41514137001377194 238.75375366210938
0.914757893932991 0.15720055040775352 0.37216391877609206 -14.010250091552734 0.40324733397622103 -0.41157088729717234 -0.817313276761419 3.461700439453125 0.02468973730820933 0.8977178797823496 -0.439878420919615 239.69793701171875
0.9151407107368406 0.16040809954590193 0.36984688879608424 -13.350330352783203 0.4018476470937995 -0.4362211787477262 -0.8051270407439575 1.403839111328125 0.032186147288052885 0.8854266343475427 -0.463663376934965 240.36297607421875
0.9130746589517507 0.16215506440002292 0.3741662762323307 -13.34414291381836 0.4053442010176441 -0.4612871892907195 -0.7892466076567172 -0.507965087890625 0.04461777539851216 0.8723072074021243 -0.4869182580606272 241.18338012695312
0.9103161412252613 0.1652114899887319 0.37951243273502094 -12.975025177001953 0.40989864760735284 -0.48722195845214206 -0.7711017195491933 -2.915985107421875 0.057511926714498215 0.8575079747604466 -0.5112459794539453 241.56837463378906
0.9059121289748738 0.16481111545640864 0.39007757023216 -12.999078750610352 0.41504446677719914 -0.5283576482025565 -0.7406593590737202 -7.398712158203125 0.08403157248226312 0.8328718339623917 -0.5470495434768959 241.7805633544922
0.904246224905624 0.1649451813110116 0.3938678101929697 -12.809389114379883 0.41791563566966206 -0.531216067575168 -0.7369911878800157 -7.70843505859375 0.08766576416566503 0.8310250156958284 -0.5492832940122956 241.4435272216797
0.9013449330822932 0.16285336865039512 0.40131794368816254 -12.66710090637207 0.4225127875951954 -0.5342810817751521 -0.7321384226877529 -7.98065185546875 0.09518537663640361 0.8294712207041254 -0.550379176657506 241.12535095214844
0.8999673139162154 0.16346717166727254 0.40415011774034465 -12.510627746582031 0.4251041666237974 -0.5346178287567395 -0.7303904604350445 -8.216766357421875 0.09667099565805005 0.8291334397806737 -0.5506291470998872 240.80723571777344
0.8988649733926936 0.16341925027039567 0.4066151844789057 -12.355279922485352 0.4271807134559966 -0.5337533442001637 -0.7298109382616622 -8.444061279296875 0.09776705814832753 0.8296996542100061 -0.5495817374556929 240.48175048828125
0.8977611174751213 0.16304190568930682 0.4091971565627265 -12.188018798828125 0.4289955390111711 -0.5344053352730225 -0.7282676466384066 -8.677764892578125 0.09993899868587881 0.8293541310085382 -0.5497125811919682 240.15972900390625
0.8964295074933599 0.16320208851278567 0.41204273613337394 -12.015262603759766 0.4313388879901569 -0.5348176034814516 -0.7265788977900279 -8.928466796875 0.1017885150821408 0.8290568191091741 -0.5498216882644328 239.82052612304688
0.8964013065750315 0.15899246323089747 0.4137464129226351 -11.815679550170898 0.4301269863813111 -0.537427494008431 -0.7253705703089622 -9.17572021484375 0.10703024412336652 0.8281866246925202 -0.55013765688535 239.4630889892578
0.8950589129186644 0.15921445811649887 0.41655767755681605 -11.619264602661133 0.432417750891072 -0.538210143277984 -0.7234256909918245 -9.440521240234375 0.10901573794258113 0.8276355466021028 -0.5505769436522683 239.09312438964844
0.8943949218287838 0.15634413585090645 0.41906352142833575 -11.416160583496094 0.432660640562864 -0.5399823158292669 -0.7219583566241159 -9.703338623046875 0.11341293539370244 0.8270281795541764 -0.5506013951205434 238.70516967773438
0.8935946735628035 0.15520650870940508 0.42118819906833044 -11.208457946777344 0.4335293672270638 -0.5416613009526734 -0.7201772856748251 -9.97161865234375 0.11636514569185999 0.8261440399255413 -0.5513122329167179 238.31417846679688
0.8916246044645044 0.15646127335775267 0.42488284815085997 -11.007368087768555 0.43715432736936705 -0.5418439763062992 -0.7178448296134862 -10.2481689453125 0.11790529579180249 0.8257874879651842 -0.5515191437696414 237.92138671875
0.890876105848568 0.15495455973043679 0.42699982253724367 -10.794233322143555 0.4378461507526741 -0.5432354751634009 -0.7163699929471229 -10.521575927734375 0.1209566546294899 0.825157138333506 -0.5518017621919141 237.52699279785156
0.8904808605670901 0.15234886422972221 0.4287582775079779 -10.573251724243164 0.4375061889285279 -0.5455888652902362 -0.7147874682173349 -10.78680419921875 0.12502868316082427 0.8240889597848196 -0.5524900132562073 237.14068603515625
0.8887157362602874 0.15254558676371743 0.43233573074897214 -10.363361358642578 0.4404959171468288 -0.5455036243683629 -0.7130141252303166 -11.0576171875 0.12707354996343168 0.8241089974996588 -0.55199336331137 236.74839782714844
0.8866669628258179 0.1537376641595687 0.4361036891061572 -10.159221649169922 0.4440355501678206 -0.5462863321786204 -0.7102138223535159 -11.322418212890625 0.1290508706688996 0.8233686743455754 -0.5526390312726828 236.36109924316406
