0.103759500000 0.999025702 0.000708255 0.044125967 0.000479688 -0.000582551 0.999995708 -0.002861534 0.000173220 -0.044127807 0.002833040 0.999021888 0.029507829
0.207590100000 0.996110022 -0.003242190 0.088058412 0.004337484 0.003970139 0.999959350 -0.008092771 0.000429491 -0.088028595 0.008410894 0.996082425 0.056061480
0.311605500000 0.991083324 -0.001851609 0.133230686 0.008261682 0.003552882 0.999915123 -0.012532773 0.000641059 -0.133196175 0.012894375 0.991005838 0.083829455
0.415086000000 0.983846545 0.001900162 0.179003820 0.013075325 0.000873048 0.999880850 -0.015412416 0.000737215 -0.179011762 0.015319731 0.983727634 0.111246765
0.518869200000 0.975178361 0.000833803 0.221419185 0.024802068 0.003039479 0.999848306 -0.017151680 0.001265539 -0.221399888 0.017398946 0.975027859 0.153498024
0.622687600000 0.962867916 0.000395724 0.269972563 0.026043532 0.004427429 0.999841273 -0.017256163 0.000116375 -0.269936532 0.017810691 0.962713361 0.164406434
0.726431800000 0.950362384 -0.002369851 0.311136216 0.039203238 0.009184118 0.999748945 -0.020437945 -0.000054602 -0.311009675 0.022280965 0.950145543 0.202418298
0.830170600000 0.934375942 -0.002474653 0.356280029 0.043549024 0.011071998 0.999694586 -0.022093611 -0.000790626 -0.356116533 0.024588471 0.934117973 0.215088382
0.933952800000 0.918254793 -0.001157426 0.395988435 0.060123414 0.011425771 0.999656796 -0.023573266 -0.001115244 -0.395825237 0.026170738 0.917952895 0.251328230
1.037695000000 0.897572100 -0.000892309 0.440866858 0.065550089 0.012015523 0.999675989 -0.022439381 -0.001622375 -0.440703988 0.025438208 0.897292018 0.264632016
1.141483000000 0.876909554 0.000904394 0.480654538 0.083301544 0.011573572 0.999668539 -0.022995872 -0.001827332 -0.480516016 0.025728190 0.876608491 0.296903789
1.245136000000 0.851717591 0.000908768 0.524000287 0.092202961 0.012107835 0.999697387 -0.021414015 -0.002590788 -0.523861170 0.024583204 0.851448894 0.312122941
1.348871000000 0.825998187 0.001492955 0.563670814 0.106909461 0.013040454 0.999678254 -0.021757146 -0.003251003 -0.563521922 0.025321888 0.825712979 0.334605366
1.452734000000 0.798641801 0.000292276 0.601806581 0.122986384 0.016136659 0.999629915 -0.021900028 -0.003786443 -0.601590276 0.027201425 0.798341513 0.356233060
1.556375000000 0.770016372 0.002153369 0.638020456 0.140024722 0.016013226 0.999614060 -0.022699874 -0.004498250 -0.637823105 0.027696040 0.769684732 0.377115458
1.660095000000 0.739517331 -0.000580019 0.673137248 0.158115089 0.020699294 0.999546289 -0.021879239 -0.005014879 -0.672819197 0.030113542 0.739193797 0.397009254
1.763837000000 0.707245708 0.001415839 0.706966460 0.176946625 0.019963486 0.999559224 -0.021973187 -0.005563421 -0.706685960 0.029653955 0.706905723 0.416404635
1.867714000000 0.673230648 0.003177027 0.739425719 0.197306231 0.020878334 0.999510407 -0.023303771 -0.006157189 -0.739137709 0.031126790 0.672834754 0.435319006
1.971323000000 0.637358844 0.001866319 0.770564973 0.220559314 0.025822284 0.999383688 -0.023778962 -0.006776432 -0.770134449 0.035053477 0.636917830 0.455120236
2.074937000000 0.600903869 0.004581316 0.799308181 0.239432603 0.025034688 0.999385118 -0.024548655 -0.007325403 -0.798929155 0.034761813 0.600419700 0.469146490
2.178679000000 0.563088059 0.005815837 0.826376498 0.262945414 0.027662478 0.999282181 -0.025881754 -0.008238493 -0.825933874 0.037433326 0.562522948 0.485430360
2.282428000000 0.524335623 0.008494033 0.851469398 0.285501301 0.031486433 0.999072969 -0.029355867 -0.008805254 -0.850929379 0.042202059 0.523582101 0.499539971
2.386034000000 0.485360205 0.009652990 0.874261081 0.310808837 0.033657942 0.998991549 -0.029715935 -0.009093614 -0.873666227 0.043848760 0.484545827 0.513630629
2.489649000000 0.446692824 0.008774878 0.894644439 0.335006833 0.038030311 0.998861909 -0.028785475 -0.009761072 -0.893878818 0.046881869 0.445850730 0.526318192
2.593387000000 0.409470677 0.008683763 0.912282050 0.361412883 0.041551203 0.998739541 -0.028156670 -0.010213722 -0.911376655 0.049435742 0.408593714 0.538457096
2.697006000000 0.374183536 0.011113994 0.927288055 0.386725843 0.043438889 0.998620510 -0.029497609 -0.010903494 -0.926336706 0.051317882 0.373184562 0.548919201
2.800620000000 0.340716898 0.010312879 0.940109372 0.413283646 0.044290829 0.998653591 -0.027007101 -0.011290479 -0.939122081 0.050840002 0.339801371 0.558780551
2.904387000000 0.306824327 0.009450645 0.951719344 0.442239136 0.046227146 0.998622596 -0.024819553 -0.011766082 -0.950643003 0.051610507 0.305964828 0.569183588
3.008111000000 0.274004161 0.009211718 0.961684406 0.469051838 0.046654541 0.998649478 -0.022858657 -0.012584787 -0.960596204 0.051130313 0.273204327 0.576980114
3.111717000000 0.241666019 0.012686167 0.970276654 0.498236716 0.044146936 0.998735428 -0.024053909 -0.012971137 -0.969354808 0.048647750 0.240800321 0.584531903
3.215334000000 0.210726142 0.014520085 0.977437437 0.527049243 0.044203751 0.998725355 -0.024366237 -0.013261519 -0.976545334 0.048340999 0.209815681 0.591008008
3.319074000000 0.180216372 0.015078929 0.983511388 0.556894064 0.046417654 0.998638153 -0.023816310 -0.013664486 -0.982531130 0.049944378 0.179271042 0.596639991
3.422811000000 0.149457991 0.015338979 0.988649189 0.586155772 0.047688626 0.998604238 -0.022702716 -0.014038416 -0.987617493 0.050540421 0.148517847 0.601452291
3.526551000000 0.119221568 0.014384668 0.992763519 0.617902517 0.046848886 0.998699784 -0.020096794 -0.014565634 -0.991761804 0.048905835 0.118392646 0.605430126
3.630286000000 0.089768708 0.013873857 0.995866120 0.648678303 0.047509056 0.998705089 -0.018195942 -0.014961721 -0.994828999 0.048946079 0.088993311 0.608502507
3.733924000000 0.062320828 0.014668183 0.997948408 0.681381404 0.049928926 0.998594224 -0.017795684 -0.015032554 -0.996806502 0.050935529 0.061500847 0.610895336
3.837524000000 0.036914587 0.014771676 0.999209285 0.713148654 0.053755257 0.998413742 -0.016745839 -0.015507151 -0.997871637 0.054330915 0.036061943 0.612538159
3.941290000000 0.014190257 0.015671153 0.999776602 0.746967137 0.058226068 0.998167515 -0.016472366 -0.015571091 -0.998202622 0.058446802 0.013251841 0.612814724
4.044901000000 -0.006346703 0.015326805 0.999862552 0.780067444 0.063980773 0.997840047 -0.014889696 -0.015762717 -0.997931123 0.063877471 -0.007313609 0.612735510
4.148625000000 -0.024098873 0.015032380 0.999596715 0.814771831 0.068384029 0.997569680 -0.013353263 -0.015722480 -0.997368097 0.068034641 -0.025068283 0.612064481
4.252293000000 -0.039754868 0.015085453 0.999095738 0.848943651 0.071549386 0.997362316 -0.012212282 -0.015898339 -0.996644616 0.070999175 -0.040729403 0.610807061
4.355974000000 -0.053744435 0.014623300 0.998447776 0.884439826 0.074091502 0.997194946 -0.010616766 -0.015874950 -0.995802283 0.073405892 -0.054677129 0.608294845
4.459609000000 -0.066974401 0.013471971 0.997663736 0.919171929 0.073958322 0.997225106 -0.008501133 -0.015843516 -0.995009840 0.073216178 -0.067784905 0.606192052
4.563217000000 -0.079336643 0.013720502 0.996753514 0.954341233 0.074102618 0.997219920 -0.007828724 -0.016043106 -0.994089842 0.073240936 -0.080132842 0.603704453
4.666947000000 -0.090360165 0.016323514 0.995775402 0.990018249 0.074287556 0.997190595 -0.009605605 -0.016172215 -0.993134677 0.073105760 -0.091318965 0.600431800
4.770559000000 -0.100431561 0.019847576 0.994745970 1.025955439 0.074719004 0.997128129 -0.012351323 -0.016051549 -0.992134333 0.073085964 -0.101626158 0.596917987
4.874319000000 -0.109937906 0.022531608 0.993683219 1.063044071 0.075900562 0.997014165 -0.014209756 -0.015939880 -0.991036415 0.073858909 -0.111319900 0.592949033
4.977967000000 -0.117683411 0.023810502 0.992765784 1.100667000 0.075884506 0.997005045 -0.014916768 -0.015924534 -0.990147650 0.073580079 -0.119137764 0.588893056
5.081656000000 -0.123134017 0.024268731 0.992093384 1.139496684 0.075515203 0.997031569 -0.015016948 -0.015997816 -0.989512861 0.073069036 -0.124601126 0.583841443
5.185269000000 -0.128199458 0.026042553 0.991406441 1.178709507 0.076722644 0.996919751 -0.016266320 -0.015940480 -0.988776267 0.073977984 -0.129802704 0.579015851
5.288943000000 -0.132713675 0.027394943 0.990775824 1.218225718 0.075644776 0.996982396 -0.017434005 -0.016117245 -0.988263667 0.072633281 -0.134385467 0.573887467
5.392622000000 -0.136924744 0.028519429 0.990170836 1.258671999 0.076233149 0.996924400 -0.018172128 -0.016069477 -0.987643719 0.072995625 -0.138677835 0.568535209
5.496314000000 -0.140001535 0.027571004 0.989767373 1.299329162 0.076048598 0.996958911 -0.017014349 -0.016259536 -0.987226546 0.072888389 -0.141672492 0.563375473
5.600026000000 -0.142394423 0.025777832 0.989474356 1.341404676 0.076829836 0.996932626 -0.014915626 -0.016274365 -0.986823797 0.073897243 -0.143938065 0.557333231
5.703641000000 -0.144408107 0.024530666 0.989214122 1.383891582 0.076833420 0.996952474 -0.013506222 -0.016400153 -0.986530781 0.074054293 -0.145852804 0.551031709
5.807340000000 -0.146254063 0.025153922 0.988927305 1.426892400 0.080146536 0.996691704 -0.013498422 -0.016572712 -0.985995173 0.077284895 -0.147786140 0.544581532
5.910955000000 -0.147474766 0.025429986 0.988738894 1.471355915 0.079433255 0.996744812 -0.013788074 -0.016174059 -0.985870957 0.076505348 -0.149014711 0.538251400
6.014715000000 -0.147960186 0.026625747 0.988635004 1.513020277 0.081535473 0.996562958 -0.014636586 -0.016210891 -0.985626698 0.078443177 -0.149622679 0.532144666
6.118447000000 -0.148496628 0.026905768 0.988546848 1.561011910 0.081159189 0.996589303 -0.014933167 -0.016291363 -0.985576928 0.078012139 -0.150173783 0.525012255
6.221927000000 -0.147612214 0.028070346 0.988646984 1.605837584 0.080931149 0.996587813 -0.016212206 -0.016531030 -0.985728681 0.077619210 -0.149380326 0.518274307
6.325669000000 -0.146256328 0.028451873 0.988837481 1.653300285 0.081973985 0.996497095 -0.016547706 -0.016470475 -0.985844493 0.078638747 -0.148076296 0.511253595
6.429280000000 -0.144872189 0.026866525 0.989085674 1.698880911 0.081047982 0.996594310 -0.015199328 -0.016860390 -0.986125469 0.077961430 -0.146556258 0.504892588
6.533021000000 -0.143895745 0.028137717 0.989192724 1.747449994 0.081791013 0.996513784 -0.016448004 -0.016744491 -0.986207008 0.078540280 -0.145695448 0.497980118
6.636673000000 -0.142751694 0.028661009 0.989343464 1.795841932 0.081516944 0.996525109 -0.017107043 -0.016841371 -0.986395955 0.078206204 -0.144591928 0.490897059
6.740399000000 -0.141755581 0.029424250 0.989464343 1.845455050 0.083000034 0.996391654 -0.017739262 -0.017137310 -0.986415923 0.079610936 -0.143686295 0.483729839
6.844097000000 -0.141127944 0.029328154 0.989556909 1.894861460 0.082071632 0.996466935 -0.017828120 -0.017239414 -0.986583650 0.078698501 -0.143036366 0.477173805
6.947755000000 -0.140223980 0.027816975 0.989728987 1.944875240 0.083084591 0.996410251 -0.016233405 -0.017087346 -0.986627698 0.079954915 -0.142031789 0.470252275
7.051471000000 -0.139658093 0.026048778 0.989857137 1.995029926 0.085790753 0.996213257 -0.014111906 -0.017366603 -0.986476362 0.082949750 -0.141363978 0.463388920
7.155209000000 -0.139196992 0.026838638 0.989900887 2.045848608 0.086629979 0.996130228 -0.014825866 -0.017633460 -0.986468077 0.083691381 -0.140983462 0.456473112
7.258923000000 -0.138385296 0.028750224 0.989961147 2.096204758 0.088649206 0.995925725 -0.016531311 -0.017613649 -0.986403048 0.085471578 -0.140370131 0.450076103
7.362568000000 -0.137228370 0.028009221 0.990143359 2.147309780 0.087434381 0.996040821 -0.016058130 -0.018456941 -0.986672997 0.084368944 -0.139134049 0.442633629
7.466210000000 -0.137147307 0.027640488 0.990164995 2.198228359 0.088052124 0.995993614 -0.015607136 -0.018797221 -0.986629367 0.085045651 -0.139031649 0.436420679
7.569925000000 -0.137020230 0.026293036 0.990219295 2.250959158 0.087887242 0.996028006 -0.014285997 -0.019210998 -0.986661732 0.085070163 -0.138786793 0.429372787
7.673572000000 -0.136705875 0.026911182 0.990246177 2.306014299 0.088923976 0.995928586 -0.014789450 -0.019198038 -0.986612499 0.086034812 -0.138542295 0.420932055
7.777286000000 -0.137624264 0.026579332 0.990127861 2.360708952 0.089734204 0.995863676 -0.014260571 -0.019439787 -0.986411393 0.086885728 -0.139440060 0.413834095
7.881024000000 -0.137555003 0.027761756 0.990104973 2.412946939 0.090099692 0.995813608 -0.015404299 -0.019410260 -0.986387670 0.087089218 -0.139480472 0.407486677
7.984696000000 -0.137876630 0.028470613 0.990040362 2.467822552 0.089477286 0.995857477 -0.016176987 -0.019554533 -0.986399651 0.086355679 -0.139852881 0.399672747
8.088400000000 -0.139433265 0.028932229 0.989808738 2.521597385 0.088928342 0.995899975 -0.016583037 -0.020133939 -0.986230254 0.085709818 -0.141434431 0.393032789
8.192118000000 -0.141075492 0.029351290 0.989563823 2.576714754 0.087615125 0.996008456 -0.017051758 -0.020343367 -0.986114442 0.084295161 -0.143084049 0.385972261
8.295863000000 -0.141883731 0.028726870 0.989466429 2.631678343 0.087030336 0.996070027 -0.016438942 -0.020717196 -0.986050069 0.083781175 -0.143826246 0.378057003
8.399546000000 -0.143993735 0.028251015 0.989175320 2.685914516 0.086930171 0.996089220 -0.015794106 -0.021102142 -0.985753059 0.083714925 -0.145886540 0.371999741
8.503235000000 -0.143223882 0.027077012 0.989319861 2.743713617 0.084586836 0.996302843 -0.015022489 -0.021531634 -0.986068964 0.081531852 -0.144984722 0.362220049
8.606978000000 -0.145090222 0.027665714 0.989031732 2.798808813 0.085174032 0.996247470 -0.015372601 -0.022388197 -0.985745668 0.082009397 -0.146902204 0.355115891
8.710698000000 -0.147604942 0.028625356 0.988632083 2.856390238 0.084172860 0.996318161 -0.016280714 -0.022312649 -0.985458136 0.080812871 -0.149470925 0.346774817
8.814436000000 -0.151658058 0.029498547 0.987992764 2.913962841 0.084744915 0.996262074 -0.016736995 -0.022506334 -0.984793425 0.081189059 -0.153591037 0.338078737
8.918107000000 -0.155858874 0.028018758 0.987381935 2.971504211 0.083379142 0.996403277 -0.015113309 -0.023303464 -0.984254062 0.079971515 -0.157634497 0.328847885
9.021867000000 -0.161030889 0.027207904 0.986574292 3.029090166 0.081672303 0.996558726 -0.014152526 -0.023705274 -0.983564258 0.078296803 -0.162698865 0.320722818
9.125548000000 -0.165612936 0.027902186 0.985796034 3.087019444 0.080365747 0.996656895 -0.014708213 -0.024001431 -0.982910812 0.076788366 -0.167301655 0.311146736
9.229148000000 -0.170486808 0.030165039 0.984898210 3.144924164 0.080790132 0.996593893 -0.016538406 -0.024069622 -0.982042432 0.076750472 -0.172343135 0.301734209
9.332783000000 -0.175103426 0.031689204 0.984039962 3.202877998 0.080400795 0.996603906 -0.017787017 -0.024619907 -0.981261730 0.076003022 -0.177056551 0.291833162
9.436507000000 -0.179788113 0.031658418 0.983195782 3.261323452 0.079088442 0.996711671 -0.017631436 -0.025082342 -0.980520904 0.074589498 -0.181700706 0.281446934
9.540126000000 -0.184747577 0.031071784 0.982294858 3.320172310 0.077383958 0.996856809 -0.016978234 -0.025696147 -0.979734838 0.072877169 -0.186571360 0.270803928
9.643856000000 -0.190040231 0.030284783 0.981309175 3.379072666 0.075107306 0.997043431 -0.016225098 -0.026104428 -0.978899240 0.070620067 -0.191752911 0.259769917
9.747566000000 -0.196008921 0.029984212 0.980143607 3.438315868 0.074409880 0.997105360 -0.015622630 -0.026163876 -0.977774858 0.069870196 -0.197672606 0.248721361
9.851216000000 -0.201873302 0.030041484 0.978950858 3.497744560 0.074644841 0.997094274 -0.015205448 -0.026271269 -0.976563036 0.070004053 -0.203529239 0.237367153
9.954854000000 -0.207616329 0.031590246 0.977700114 3.556972027 0.075335786 0.997026324 -0.016217006 -0.026629392 -0.975305080 0.070288889 -0.209378839 0.225560188
10.058450000000 -0.213433146 0.032563426 0.976414859 3.616593599 0.074856684 0.997051299 -0.016888836 -0.027041387 -0.974085629 0.069486544 -0.215241313 0.213204861
10.162270000000 -0.219642043 0.032596841 0.975035787 3.675744057 0.075478941 0.997013688 -0.016328778 -0.027363691 -0.972656310 0.070008181 -0.221446514 0.200680733
10.265950000000 -0.225224614 0.032764763 0.973755777 3.735792160 0.074608959 0.997079730 -0.016292902 -0.027448136 -0.971446037 0.068981342 -0.227011442 0.187304020
10.369540000000 -0.230751991 0.032828756 0.972458661 3.794718266 0.073270030 0.997179270 -0.016277246 -0.028114498 -0.970250010 0.067496069 -0.232506514 0.174053669
10.473330000000 -0.236017704 0.034399617 0.971139729 3.855690718 0.072503872 0.997211039 -0.017702382 -0.027719148 -0.969040215 0.066233315 -0.237853527 0.159767151
10.577010000000 -0.240980864 0.033756178 0.969942689 3.916635036 0.073749043 0.997142315 -0.016379943 -0.028231990 -0.967723846 0.067585088 -0.242781639 0.145498753
10.680800000000 -0.244595647 0.034254257 0.969020009 3.976574421 0.076123297 0.996969581 -0.016027570 -0.028138559 -0.966632485 0.069844723 -0.246461868 0.130342007
10.784490000000 -0.248398066 0.035106789 0.968021631 4.036537170 0.077094249 0.996889412 -0.016371042 -0.028376345 -0.965585232 0.070562363 -0.250331879 0.115736485
10.888380000000 -0.251851320 0.035572790 0.967111945 4.097023964 0.077713512 0.996840358 -0.016428439 -0.028944537 -0.964640617 0.071020141 -0.253820062 0.100578785
10.992100000000 -0.254386425 0.034925785 0.966471791 4.157279015 0.076732896 0.996926010 -0.015829343 -0.029616814 -0.964053690 0.070133403 -0.256284475 0.084596634
11.096280000000 -0.257858753 0.035381656 0.965534627 4.217962742 0.075532660 0.997009039 -0.016363043 -0.030106306 -0.963225722 0.068710044 -0.259759903 0.068560600
11.199650000000 -0.262308121 0.035865620 0.964317560 4.279209137 0.074615076 0.997071087 -0.016787460 -0.030570395 -0.962095261 0.067549139 -0.264215946 0.052452087
11.303360000000 -0.266435385 0.035296120 0.963206351 4.340388298 0.074068293 0.997124016 -0.016050769 -0.031199601 -0.961002707 0.067066558 -0.268283367 0.035772800
11.407080000000 -0.270923615 0.035932168 0.961929977 4.401814938 0.074728318 0.997072339 -0.016197965 -0.031555276 -0.959695816 0.067494996 -0.272815585 0.019049644
11.510570000000 -0.275485754 0.036498923 0.960611999 4.463220596 0.074355096 0.997094274 -0.016561421 -0.031878479 -0.958425224 0.066863969 -0.277399182 0.001990795
11.614180000000 -0.279924273 0.036041267 0.959345460 4.524415970 0.073465191 0.997169018 -0.016026085 -0.032634221 -0.957207143 0.065992400 -0.281779647 -0.015335083
11.718020000000 -0.284150481 0.035800267 0.958111346 4.586104393 0.073328882 0.997187138 -0.015512961 -0.032966811 -0.955971658 0.065849207 -0.285976410 -0.033291817
11.821430000000 -0.288375735 0.035284627 0.956866920 4.646389008 0.074098594 0.997146368 -0.014438472 -0.033806894 -0.954645813 0.066738792 -0.290167451 -0.050800800
11.925060000000 -0.292520761 0.035866249 0.955586493 4.708124638 0.074915238 0.997084618 -0.014491035 -0.034228351 -0.953320324 0.067349054 -0.294354916 -0.068923473
12.028650000000 -0.296146989 0.037077133 0.954422474 4.769682884 0.075391509 0.997036040 -0.015339398 -0.034641542 -0.952162325 0.067412637 -0.298064590 -0.087515831
12.132140000000 -0.299795985 0.038479388 0.953226984 4.831572056 0.075407743 0.997015774 -0.016530814 -0.035256442 -0.951018453 0.066924825 -0.301802993 -0.106502533
12.235950000000 -0.303321719 0.039719623 0.952060044 4.893492699 0.076118939 0.996947944 -0.017341208 -0.035605114 -0.949843109 0.067209840 -0.305419326 -0.125682354
12.339620000000 -0.306600571 0.040189341 0.950989485 4.955780029 0.075865433 0.996961415 -0.017673004 -0.036353827 -0.948810101 0.066728674 -0.308717966 -0.145363808
12.443230000000 -0.310145140 0.040222313 0.949838102 5.017711639 0.075869493 0.996965170 -0.017444760 -0.036840372 -0.947657168 0.066653319 -0.312255621 -0.164794445
12.546850000000 -0.314041972 0.040146269 0.948559999 5.079642296 0.075634144 0.996988058 -0.017155547 -0.037436992 -0.946391702 0.066355966 -0.316132426 -0.185163498
12.650590000000 -0.317893624 0.041298624 0.947226465 5.142180920 0.077634461 0.996829927 -0.017406823 -0.037544601 -0.944942594 0.068003900 -0.320092082 -0.205639839
12.754210000000 -0.320941210 0.041419335 0.946192980 5.204117775 0.079629511 0.996685982 -0.016619951 -0.038031548 -0.943745673 0.070010856 -0.323175788 -0.226281166
12.857820000000 -0.323317647 0.041049112 0.945399702 5.265912533 0.080612175 0.996621788 -0.015704572 -0.038501609 -0.942850649 0.071133159 -0.325534463 -0.247119904
12.961450000000 -0.326098680 0.040463511 0.944469333 5.328102112 0.080057196 0.996676505 -0.015058702 -0.038802635 -0.941939771 0.070700951 -0.328254342 -0.267929554
13.065050000000 -0.329120398 0.041165724 0.943390250 5.391175270 0.079326779 0.996723175 -0.015818235 -0.039259247 -0.940950036 0.069630004 -0.331307411 -0.289646149
13.168790000000 -0.332286596 0.042841855 0.942205012 5.455097198 0.078227855 0.996777773 -0.017734719 -0.039586999 -0.939928770 0.067813665 -0.334567308 -0.311088085
13.272410000000 -0.335558653 0.044338394 0.940975308 5.516713142 0.077345639 0.996815801 -0.019387564 -0.040240735 -0.938838720 0.066274673 -0.337919593 -0.332755566
13.376170000000 -0.338792562 0.045354895 0.939767480 5.580156326 0.076204337 0.996878564 -0.020639017 -0.040951990 -0.937770188 0.064622007 -0.341191292 -0.355178833
13.479770000000 -0.341607451 0.045900222 0.938721240 5.642523289 0.075093158 0.996946454 -0.021420294 -0.041964889 -0.936837971 0.063174210 -0.344011068 -0.377721310
13.583380000000 -0.345784783 0.046247888 0.937173605 5.706870556 0.075779028 0.996898472 -0.021235373 -0.042826280 -0.935249031 0.063675232 -0.348217010 -0.400289059
13.687000000000 -0.348811746 0.045512274 0.936087132 5.768552780 0.076021031 0.996902764 -0.020141596 -0.043453611 -0.934104562 0.064136684 -0.351191282 -0.423491478
13.790730000000 -0.352563262 0.045128010 0.934699297 5.833117485 0.075112328 0.996978402 -0.019802956 -0.043346018 -0.932768703 0.063225642 -0.354887724 -0.447324753
13.894440000000 -0.357036471 0.044496886 0.933030069 5.894889832 0.075393587 0.996978581 -0.018696275 -0.044909351 -0.931042910 0.063669227 -0.359312415 -0.469529152
13.998450000000 -0.360630870 0.044506393 0.931646287 5.958936214 0.075398661 0.996982932 -0.018441588 -0.046224117 -0.929656208 0.063594267 -0.362898588 -0.493532658
14.101800000000 -0.364450812 0.045106519 0.930129528 6.021105289 0.073903650 0.997076750 -0.019395595 -0.046231307 -0.928285420 0.061671231 -0.366718888 -0.517585754
14.205920000000 -0.367684603 0.045701712 0.928827107 6.084199429 0.073240310 0.997112393 -0.020068778 -0.046726309 -0.927062213 0.060648602 -0.369970083 -0.541790009
14.309200000000 -0.370459557 0.046301410 0.927694082 6.148325920 0.074530154 0.997018218 -0.019999010 -0.047610797 -0.925853908 0.061732356 -0.372805715 -0.567488670
14.412870000000 -0.373200059 0.046513349 0.926584184 6.213315487 0.075844079 0.996929049 -0.019496877 -0.048354462 -0.924645603 0.062999688 -0.375581741 -0.593027115
14.516540000000 -0.375379920 0.045801394 0.925738811 6.275510788 0.077092029 0.996860385 -0.018059960 -0.048910290 -0.923659503 0.064587735 -0.377732277 -0.618503094
14.620330000000 -0.378301620 0.046355411 0.924521089 6.340133190 0.077598058 0.996818066 -0.018228302 -0.049549386 -0.922424316 0.064845242 -0.380694985 -0.643826962
14.723680000000 -0.380370975 0.047210552 0.923628449 6.402401924 0.077872120 0.996784568 -0.018880397 -0.050046343 -0.921549916 0.064743340 -0.382824302 -0.669933319
14.827390000000 -0.383094788 0.047524810 0.922485828 6.465221882 0.077866003 0.996782482 -0.019015849 -0.051065329 -0.920421422 0.064545400 -0.385562778 -0.695196629
14.931630000000 -0.385979176 0.048259296 0.921244383 6.529891968 0.076878242 0.996839702 -0.020009222 -0.052028447 -0.919298589 0.063100502 -0.388469458 -0.721852303
15.034850000000 -0.388466120 0.049484849 0.920133531 6.592211246 0.077527180 0.996771634 -0.020875698 -0.053056914 -0.918196023 0.063225850 -0.391048431 -0.748014450
15.138550000000 -0.391098499 0.049517605 0.919015765 6.657616138 0.074671827 0.996966779 -0.021940174 -0.053566195 -0.917314589 0.060043819 -0.393609762 -0.775249481
15.242180000000 -0.394069076 0.050695721 0.917681694 6.720029831 0.075532280 0.996886373 -0.022636328 -0.054470964 -0.915971935 0.060394313 -0.396671295 -0.801180840
15.345730000000 -0.397241354 0.050540034 0.916321516 6.785372257 0.077459246 0.996765912 -0.021397045 -0.054910779 -0.914439440 0.062477782 -0.399871349 -0.827301025
15.449500000000 -0.399460077 0.050027434 0.915384829 6.847435474 0.078552656 0.996705472 -0.020192586 -0.055568822 -0.913379192 0.063839771 -0.402073741 -0.853860855
15.553070000000 -0.403440833 0.049643971 0.913658023 6.914388180 0.077110149 0.996819675 -0.020113332 -0.055926692 -0.911750793 0.062337771 -0.405985832 -0.880516052
15.656680000000 -0.406075001 0.049830675 0.912480235 6.976190567 0.075707212 0.996914148 -0.020750156 -0.056992415 -0.910698473 0.060655214 -0.408594370 -0.908132553
15.760420000000 -0.410078526 0.049077034 0.910729110 7.041420937 0.074579760 0.997011542 -0.020145213 -0.058009051 -0.908996105 0.059660837 -0.412513137 -0.936152458
15.864040000000 -0.413754702 0.048554514 0.909092844 7.104240417 0.073592238 0.997092605 -0.019760609 -0.059048388 -0.907409251 0.058726128 -0.416124940 -0.962803841
15.967780000000 -0.417089820 0.048797939 0.907554507 7.167997837 0.073187627 0.997118056 -0.019978423 -0.059749588 -0.905913889 0.058088958 -0.419459224 -0.992803574
16.071400000000 -0.420492291 0.048435897 0.906002522 7.231050491 0.073046274 0.997139752 -0.019406106 -0.060875133 -0.904351056 0.058019988 -0.422827601 -1.021584511
16.175170000000 -0.424669266 0.047621019 0.904095232 7.294232368 0.071343459 0.997270525 -0.019017534 -0.061658587 -0.902533174 0.056425121 -0.426907659 -1.050565720
16.278760000000 -0.428833246 0.047749292 0.902120888 7.357713699 0.071133181 0.997286379 -0.018972453 -0.062563375 -0.900578797 0.056034707 -0.431066155 -1.078923225
16.382370000000 -0.432234764 0.048340287 0.900464475 7.419758797 0.071583666 0.997250259 -0.019175008 -0.064163908 -0.898915350 0.056170441 -0.434506655 -1.109182358
16.486210000000 -0.436349988 0.048833374 0.898450971 7.482723236 0.071761511 0.997234106 -0.019350167 -0.065255165 -0.896910846 0.056030754 -0.438647389 -1.136947632
16.589730000000 -0.438678145 0.048965067 0.897309184 7.544715881 0.071777716 0.997233391 -0.019326983 -0.065329984 -0.895773053 0.055928476 -0.440979123 -1.170872688
16.693380000000 -0.443502665 0.049657788 0.894896507 7.610138416 0.070842959 0.997282326 -0.020230055 -0.065774724 -0.893469036 0.054425031 -0.445815325 -1.199332237
16.796960000000 -0.447141767 0.049808003 0.893075287 7.671997070 0.071232289 0.997260153 -0.019954206 -0.066896655 -0.891622305 0.054693438 -0.449464560 -1.229787827
16.900690000000 -0.451938987 0.050187789 0.890635908 7.735336304 0.071602784 0.997235477 -0.019861041 -0.067803875 -0.889170527 0.054796033 -0.454283237 -1.257068634
17.004320000000 -0.455074787 0.051348403 0.888971508 7.795922756 0.072964437 0.997129083 -0.020244420 -0.068779796 -0.887458861 0.055650577 -0.457514882 -1.286614418
17.107930000000 -0.459584832 0.054073732 0.886486351 7.856834888 0.078838080 0.996688306 -0.019923463 -0.073119424 -0.884627938 0.060732353 -0.462325931 -1.310926437
17.212260000000 -0.463032126 0.054450754 0.884667635 7.921017647 0.078152016 0.996731818 -0.020443752 -0.071993977 -0.882889569 0.059672434 -0.465774298 -1.343802452
17.315330000000 -0.461028337 0.056248002 0.885601044 7.985353470 0.079397149 0.996601045 -0.021965295 -0.072086915 -0.883826435 0.060187571 -0.463927269 -1.391802788
17.418950000000 -0.468305945 0.059020270 0.881592929 8.044384003 0.081724480 0.996382713 -0.023292741 -0.073436081 -0.879778683 0.061139595 -0.471435428 -1.408247948
17.522740000000 -0.469541788 0.059552122 0.880899787 8.106545448 0.083166592 0.996269703 -0.023021689 -0.075079933 -0.878984749 0.062451784 -0.472743034 -1.443775177
17.626280000000 -0.473502278 0.060952831 0.878681004 8.169172287 0.084006585 0.996180117 -0.023834230 -0.075617023 -0.876777291 0.062529430 -0.476814032 -1.474757195
17.730020000000 -0.477069736 0.061281536 0.876726389 8.232492447 0.083207116 0.996234536 -0.024357878 -0.076074354 -0.874917805 0.061329469 -0.480372429 -1.507548332
17.833610000000 -0.480625272 0.062710486 0.874681175 8.295537949 0.084525846 0.996108353 -0.024970468 -0.076881796 -0.872843146 0.061931722 -0.484055519 -1.541169167
17.937820000000 -0.484332204 0.062682070 0.872636020 8.359920502 0.083870120 0.996162891 -0.025005352 -0.078279272 -0.870855033 0.061077189 -0.487730861 -1.574312210
18.041020000000 -0.487021446 0.062342975 0.871162236 8.422271729 0.081830218 0.996318638 -0.025552537 -0.079121597 -0.869548202 0.058842756 -0.490330100 -1.609839439
18.144610000000 -0.489192605 0.062907711 0.869904339 8.485367775 0.083302885 0.996205688 -0.025195736 -0.080058835 -0.868188679 0.060139969 -0.492576838 -1.645536423
18.248220000000 -0.491347313 0.063121311 0.868673444 8.547904968 0.085728280 0.996032178 -0.023885274 -0.081545606 -0.866734385 0.062733918 -0.494809031 -1.679480553
18.351820000000 -0.493037581 0.063251875 0.867705762 8.610721588 0.087238155 0.995921254 -0.023028778 -0.083107963 -0.865623236 0.064342998 -0.496544600 -1.714390755
18.455670000000 -0.495202184 0.062744118 0.866509080 8.676021576 0.085872762 0.996039510 -0.023047939 -0.082994252 -0.864523411 0.062996134 -0.498628855 -1.752146721
18.559140000000 -0.497478843 0.062354002 0.865232170 8.739997864 0.085510135 0.996080518 -0.022618348 -0.083668739 -0.863251269 0.062733971 -0.500860929 -1.788198471
18.663050000000 -0.499823689 0.062546954 0.863865793 8.803947449 0.086841255 0.995982111 -0.021867197 -0.084252670 -0.861762643 0.064089440 -0.503247142 -1.824385643
18.766280000000 -0.502364278 0.062485140 0.862395346 8.868206024 0.087048672 0.995972991 -0.021455785 -0.084956363 -0.860263109 0.064291753 -0.505780458 -1.860746384
18.869920000000 -0.505032659 0.063128740 0.860788465 8.932069778 0.086668923 0.995989919 -0.022194713 -0.085785180 -0.858737767 0.063394554 -0.508478642 -1.895978928
18.973530000000 -0.507798672 0.065816075 0.858957946 8.995868683 0.086155117 0.995958388 -0.025380304 -0.086274959 -0.857156813 0.061115533 -0.511416793 -1.931495667
19.077140000000 -0.511353493 0.065227091 0.856891632 9.060281754 0.085006088 0.996064425 -0.025093302 -0.087371930 -0.855156064 0.060009457 -0.514885664 -1.968207359
19.180870000000 -0.514717817 0.063039877 0.855039001 9.126454353 0.082674287 0.996295094 -0.023685932 -0.088873856 -0.853364289 0.058498167 -0.518022656 -2.009698868
19.284530000000 -0.520300150 0.060421284 0.851843476 9.191287041 0.080363326 0.996531606 -0.021598669 -0.089687280 -0.850193977 0.057219181 -0.523351312 -2.046722412
19.388220000000 -0.524174929 0.058744501 0.849582314 9.256698608 0.078973606 0.996672213 -0.020189971 -0.090744570 -0.847941160 0.056511499 -0.527069926 -2.087241173
19.491840000000 -0.529009342 0.059536211 0.846524954 9.322731018 0.081073977 0.996518850 -0.019420652 -0.091927558 -0.844734371 0.058357440 -0.531994581 -2.126321793
19.595460000000 -0.533415914 0.060900234 0.843657970 9.388988495 0.083542325 0.996321201 -0.019099439 -0.092722736 -0.841717422 0.060293205 -0.536541343 -2.166677475
19.699070000000 -0.537030458 0.061884314 0.841289997 9.454964638 0.084830388 0.996211767 -0.019129418 -0.093400717 -0.839286804 0.061093874 -0.540245771 -2.206830025
19.802840000000 -0.541292191 0.061711051 0.838567078 9.519948959 0.085106023 0.996202409 -0.018375969 -0.093725428 -0.836516559 0.061420336 -0.544488549 -2.247400284
19.906420000000 -0.545671582 0.060118292 0.835839808 9.584524155 0.084378533 0.996295929 -0.016573312 -0.094329387 -0.833740175 0.061483357 -0.548723102 -2.288345337
20.010030000000 -0.549750328 0.058143619 0.833303034 9.649530411 0.082584448 0.996470511 -0.015045640 -0.094833106 -0.831236660 0.060546529 -0.552611709 -2.330440521
20.113650000000 -0.553700686 0.057794925 0.830707669 9.713163376 0.081665307 0.996548414 -0.014899704 -0.095326759 -0.828701556 0.059590023 -0.556509376 -2.371837616
20.217270000000 -0.557814240 0.057511587 0.827970743 9.776894569 0.081888154 0.996542454 -0.014051649 -0.096050948 -0.825916111 0.059962787 -0.560595155 -2.413983345
20.320880000000 -0.561935186 0.057709951 0.825165629 9.841259003 0.083213098 0.996446729 -0.013021044 -0.096716166 -0.822984993 0.061347611 -0.564740777 -2.457004547
20.424500000000 -0.565543532 0.057077345 0.822741032 9.905469894 0.083592854 0.996431708 -0.011666228 -0.097120784 -0.820471108 0.062177509 -0.568296671 -2.501035690
20.528120000000 -0.568802357 0.055752657 0.820582509 9.969871521 0.082145669 0.996562183 -0.010768382 -0.097854212 -0.818361819 0.061282218 -0.571426749 -2.545269012
20.631730000000 -0.571899414 0.054982699 0.818479180 10.035964966 0.082172476 0.996572554 -0.009529705 -0.098077670 -0.816197872 0.061806425 -0.574457288 -2.591036797
20.735350000000 -0.574672341 0.054046080 0.816597104 10.101638794 0.082246557 0.996579289 -0.008077901 -0.098432265 -0.814240336 0.062520154 -0.577151656 -2.636546135
20.838960000000 -0.577020884 0.053781141 0.814956963 10.168584824 0.080494508 0.996716380 -0.008782729 -0.098525420 -0.812753260 0.060531735 -0.579455256 -2.683829308
20.942580000000 -0.579852819 0.052752804 0.813011825 10.235418320 0.076961726 0.996985912 -0.009799783 -0.098847695 -0.811078250 0.056888357 -0.582165003 -2.730810165
21.046320000000 -0.582408309 0.052132681 0.811223030 10.301382065 0.073929161 0.997202754 -0.011007940 -0.099114135 -0.809527695 0.053561918 -0.584633350 -2.777654648
21.149940000000 -0.584902167 0.050038569 0.809558928 10.367314339 0.072435074 0.997329652 -0.009310650 -0.099372141 -0.807863057 0.053194642 -0.586964846 -2.825229645
21.253550000000 -0.587723374 0.049818259 0.807526946 10.431787491 0.073929675 0.997233629 -0.007715237 -0.099295758 -0.805677414 0.055165779 -0.589780450 -2.871788979
21.357170000000 -0.590773106 0.049851838 0.805296123 10.495223045 0.073383279 0.997272491 -0.007901436 -0.099492982 -0.803493559 0.054427311 -0.592820168 -2.917584419
21.460820000000 -0.593515396 0.049815070 0.803279698 10.558883667 0.072529733 0.997332036 -0.008259470 -0.099151105 -0.801548004 0.053359531 -0.595545053 -2.963968277
21.564620000000 -0.597249389 0.045538135 0.800761938 10.622552872 0.070355542 0.997512937 -0.004252302 -0.099656567 -0.798964024 0.053798355 -0.598967791 -3.009864807
21.668140000000 -0.599979281 0.042839680 0.798867643 10.685894012 0.068403997 0.997655451 -0.002125831 -0.099805653 -0.797085702 0.053370282 -0.601503015 -3.056934357
21.771790000000 -0.603438854 0.042076673 0.796298385 10.749465942 0.067237861 0.997735381 -0.001767490 -0.099279374 -0.794569492 0.052474827 -0.604901433 -3.103599548
21.875360000000 -0.606086731 0.042955440 0.794237852 10.811405182 0.068172239 0.997671664 -0.001935362 -0.099058658 -0.792471766 0.052971970 -0.607603908 -3.150173187
21.979040000000 -0.608926177 0.042125225 0.792107701 10.874498367 0.067710854 0.997704506 -0.001006958 -0.098798200 -0.790331841 0.053021122 -0.610380769 -3.197815895
22.082650000000 -0.612142205 0.041267917 0.789670110 10.935984612 0.067359924 0.997728765 0.000075560 -0.098454632 -0.787873447 0.053238373 -0.613531590 -3.244252205
22.186210000000 -0.615188837 0.039709486 0.787379146 10.998323441 0.064136237 0.997941136 -0.000218233 -0.098032422 -0.785766721 0.050365280 -0.616469026 -3.291827202
22.290250000000 -0.618656754 0.035691246 0.784850538 11.058545113 0.053540558 0.998560548 -0.003206537 -0.097762831 -0.783835173 0.040037584 -0.619677067 -3.338540077
22.393570000000 -0.622428894 0.039277546 0.781690359 11.122558594 0.046917625 0.998816371 -0.012828835 -0.097293772 -0.781269014 0.028690016 -0.623535037 -3.385648727
22.497250000000 -0.625342965 0.049012151 0.778809369 11.181362152 0.056455340 0.998251915 -0.017491475 -0.098348498 -0.778305233 0.033029780 -0.627016783 -3.431531906
22.600850000000 -0.626172304 0.050862465 0.778023958 11.240195274 0.064231075 0.997843206 -0.013538204 -0.098703012 -0.777034521 0.041496065 -0.628088713 -3.478772163
22.704440000000 -0.628849745 0.041518152 0.776417553 11.300922394 0.062505811 0.998040855 -0.002743430 -0.098739117 -0.775010288 0.046805400 -0.630212903 -3.526336670
22.808100000000 -0.632017732 0.030860895 0.774339378 11.360816956 0.056612104 0.998375654 0.006417185 -0.098031998 -0.772883534 0.047892749 -0.632738233 -3.574088097
22.911770000000 -0.635778427 0.024384864 0.771486342 11.420162201 0.050705925 0.998661339 0.010221194 -0.097118974 -0.770204306 0.045617342 -0.636163712 -3.621507645
23.015390000000 -0.638629913 0.023479186 0.769155681 11.478717804 0.049482711 0.998718739 0.010598682 -0.096069545 -0.767921329 0.044828545 -0.638973475 -3.668642998
23.119010000000 -0.641301394 0.028808584 0.766748190 11.537288666 0.055309400 0.998430967 0.008746821 -0.095024839 -0.765293121 0.048017729 -0.641888618 -3.716897011
23.222650000000 -0.643323302 0.035207007 0.764785051 11.593740463 0.059913587 0.998193681 0.004446185 -0.094235681 -0.763247073 0.048681337 -0.644270658 -3.762701035
23.326370000000 -0.645888686 0.038348801 0.762467921 11.652307510 0.060837366 0.998146772 0.001333075 -0.092827246 -0.761003792 0.047247559 -0.647024751 -3.813890457
23.430070000000 -0.648982882 0.037704930 0.759867966 11.708257675 0.059209712 0.998245001 0.001036150 -0.091582090 -0.758495390 0.045664012 -0.650076509 -3.857211113
23.533710000000 -0.652606487 0.037662219 0.756760359 11.764249802 0.060881201 0.998140991 0.002826870 -0.091483921 -0.755247116 0.047917314 -0.653686285 -3.907517433
23.637320000000 -0.655768991 0.036454678 0.754081070 11.818408012 0.060521230 0.998157322 0.004376770 -0.091145225 -0.752532005 0.048508063 -0.656766891 -3.951334953
23.741080000000 -0.657474637 0.036923759 0.752571523 11.878881454 0.061202906 0.998115182 0.004498160 -0.089309730 -0.750986993 0.049016986 -0.658495188 -4.004099846
23.844680000000 -0.659070492 0.037323300 0.751154482 11.930569649 0.061824266 0.998076200 0.004652908 -0.087941967 -0.749535739 0.049506169 -0.660109997 -4.048229218
23.948430000000 -0.661486864 0.037372231 0.749025226 11.970966339 0.062234610 0.998048186 0.005164153 -0.088635832 -0.747370243 0.050031304 -0.662521720 -4.089339256
24.052120000000 -0.663498163 0.036505625 0.747287154 12.019537926 0.061807908 0.998069286 0.006121181 -0.087610506 -0.745620906 0.050249636 -0.664473534 -4.132009506
24.155650000000 -0.665229201 0.035274692 0.745805562 12.064832687 0.064077102 0.997895300 0.009956356 -0.087240666 -0.743884623 0.054412317 -0.666089416 -4.175520897
24.259390000000 -0.666848779 0.034589317 0.744390070 12.106744766 0.064721897 0.997835755 0.011613873 -0.085295394 -0.742377341 0.055923026 -0.667644262 -4.213051796
24.363000000000 -0.670735478 0.034356035 0.740900576 12.143264771 0.062201187 0.998013198 0.010032065 -0.084311679 -0.739083886 0.052813753 -0.671539903 -4.244041443
24.466620000000 -0.675311685 0.033967968 0.736749887 12.170381546 0.058106672 0.998284161 0.007235060 -0.084730089 -0.735239983 0.047696002 -0.676126719 -4.265204430
24.570240000000 -0.679793954 0.033446275 0.732640147 12.188833237 0.054529592 0.998499572 0.005013098 -0.083219871 -0.731373191 0.043358441 -0.680597782 -4.284474373
24.673870000000 -0.685365319 0.030810332 0.727547467 12.199335098 0.051725693 0.998640597 0.006436066 -0.083755478 -0.726360142 0.042043954 -0.686027288 -4.291163445
24.777590000000 -0.691527486 0.027759498 0.721816599 12.204419136 0.043975998 0.999025702 0.003710303 -0.083772130 -0.721010327 0.034308378 -0.692074537 -4.290907860
24.881210000000 -0.698070884 0.024364742 0.715614140 12.206674576 0.037294172 0.999301553 0.002356366 -0.083684348 -0.715056896 0.028333146 -0.698492050 -4.291700363
24.984880000000 -0.704870343 0.025059532 0.708893597 12.213381767 0.035921417 0.999354541 0.000390155 -0.082858674 -0.708426297 0.025739469 -0.705315590 -4.292891502
25.088320000000 -0.711585164 0.024382800 0.702176690 12.219906807 0.034838546 0.999392748 0.000601841 -0.082375981 -0.701735616 0.024891077 -0.712002516 -4.295160294
