0.999785781 -0.007377416 0.019336766 0.002164978 0.007377603 0.999972761 0.000061676 -0.000657280 -0.019336695 0.000080996 0.999813020 0.041938957
0.999815583 -0.008804520 0.017066440 0.002563104 0.008830723 0.999959946 -0.001460676 -0.000797777 -0.017052896 0.001611115 0.999853313 0.056569789
0.999882698 -0.011560452 0.010047655 0.002712285 0.011591811 0.999928117 -0.003068383 -0.000789462 -0.010011461 0.003184494 0.999944806 0.071973130
0.999912202 -0.013043197 -0.002349343 0.002591803 0.013031925 0.999903798 -0.004750940 -0.001111472 0.002411084 0.004719906 0.999985933 0.086753733
0.999741197 -0.012544474 -0.018979048 0.001261957 0.012443301 0.999907792 -0.005439443 -0.001154499 0.019045534 0.005201873 0.999805093 0.104744591
0.999218762 -0.007868804 -0.038728613 0.000333923 0.007685432 0.999958575 -0.004881410 -0.001637139 0.038765419 0.004579950 0.999237835 0.118685946
0.998262823 -0.004309673 -0.058760036 -0.001595964 0.003944414 0.999972165 -0.006330682 -0.001792019 0.058785684 0.006087911 0.998252034 0.135386333
0.996846914 -0.004100470 -0.079242878 -0.003160138 0.003581015 0.999971151 -0.006696232 -0.001973248 0.079268053 0.006391348 0.996832848 0.152284667
0.994922042 -0.005652484 -0.100489661 -0.005444166 0.005074716 0.999969125 -0.006004232 -0.002176016 0.100520492 0.005463787 0.994920015 0.170267075
0.992730975 -0.007213303 -0.120138131 -0.008013918 0.006636826 0.999964476 -0.005197881 -0.002434104 0.120171361 0.004362762 0.992743552 0.187461898
0.990389884 -0.006212375 -0.138164163 -0.011044610 0.005651754 0.999974132 -0.004449592 -0.002712639 0.138188228 0.003625960 0.990399361 0.205785125
0.988129973 -0.004967717 -0.153539866 -0.014844351 0.004422994 0.999982655 -0.003889137 -0.002972695 0.153556526 0.003163867 0.988134801 0.224698171
0.985926747 -0.004474518 -0.167117923 -0.018631527 0.003888392 0.999985099 -0.003834309 -0.003402127 0.167132601 0.003130528 0.985929430 0.244193166
0.983773708 -0.005934365 -0.179315731 -0.022666497 0.005133272 0.999974668 -0.004931172 -0.003574189 0.179340452 0.003930681 0.983779192 0.264367938
0.981986880 -0.009995345 -0.188684672 -0.027049804 0.008825524 0.999936283 -0.007039043 -0.004073311 0.188742995 0.005247007 0.982012510 0.285325319
0.980392158 -0.008705279 -0.196864054 -0.031267527 0.007061520 0.999934137 -0.009050139 -0.004281045 0.196929857 0.007482526 0.980388999 0.306466281
0.978903532 -0.007715932 -0.204177171 -0.036390588 0.005727771 0.999930263 -0.010326616 -0.004737633 0.204242617 0.008939281 0.978879511 0.328663915
0.977069080 -0.009833912 -0.212695271 -0.041242860 0.007146473 0.999884665 -0.013400305 -0.005087298 0.212802529 0.011573003 0.977026701 0.351296514
0.975348413 -0.013464775 -0.220259428 -0.046809692 0.010450292 0.999835193 -0.014845585 -0.005725640 0.220423013 0.012177842 0.975328326 0.374520332
0.973288953 -0.019921323 -0.228717640 -0.051587187 0.016585538 0.999726355 -0.016497856 -0.005986794 0.228983700 0.012263777 0.973353028 0.398414075
0.971088469 -0.020853197 -0.237807304 -0.057335161 0.016976537 0.999687731 -0.018338224 -0.007111066 0.238115460 0.013770893 0.971139252 0.422900766
0.969063759 -0.017060718 -0.246220157 -0.064177491 0.011744943 0.999665499 -0.023042027 -0.007346828 0.246530905 0.019437352 0.968939960 0.447577238
0.967081308 -0.013062378 -0.254132092 -0.072094403 0.006761945 0.999648094 -0.025649779 -0.008621013 0.254377693 0.023086993 0.966829360 0.472408146
0.964555383 -0.016353671 -0.263373345 -0.078746170 0.009299403 0.999564409 -0.028008752 -0.009075587 0.263716668 0.024566777 0.964287281 0.499001145
0.962067485 -0.019649517 -0.272103012 -0.086182252 0.011859602 0.999472201 -0.030243721 -0.009886261 0.272553682 0.025869466 0.961792707 0.525782108
0.959830105 -0.018951990 -0.279940963 -0.094414808 0.010216967 0.999415278 -0.032629579 -0.011066169 0.280395657 0.028458707 0.959462523 0.552656829
0.957562506 -0.017465394 -0.287696093 -0.103841498 0.007371643 0.999319851 -0.036130860 -0.012360336 0.288131446 0.032476764 0.957040012 0.580737233
0.955073535 -0.019400392 -0.295733303 -0.111905590 0.007395339 0.999104500 -0.041658916 -0.013364639 0.296276659 0.037600279 0.954361737 0.608269572
0.953248799 -0.021051608 -0.301452518 -0.121245004 0.006561465 0.998777211 -0.048999954 -0.015161345 0.302115440 0.044731174 0.952221274 0.637079120
0.951814234 -0.022037920 -0.305882275 -0.130037948 0.004870741 0.998375177 -0.056773711 -0.016877932 0.306636453 0.052548151 0.950375080 0.665435076
0.950764358 -0.020822536 -0.309214383 -0.140401110 0.000423685 0.997826755 -0.065891050 -0.018755553 0.309914410 0.062515855 0.948706925 0.694702506
0.949235141 -0.021732597 -0.313815832 -0.150418416 -0.001759953 0.997228086 -0.074384287 -0.021083884 0.314562529 0.071160480 0.946565688 0.725239396
0.947894514 -0.020179851 -0.317944646 -0.161078393 -0.006193593 0.996635973 -0.081721261 -0.023177495 0.318524212 0.079432353 0.944580793 0.755772531
0.946289003 -0.018046746 -0.322818011 -0.172987074 -0.011094168 0.996040702 -0.088203214 -0.026190154 0.323131651 0.087047130 0.942342162 0.787684202
0.944642365 -0.016687984 -0.327677131 -0.183597863 -0.015086090 0.995440245 -0.094186775 -0.029055662 0.327754766 0.093916185 0.940083265 0.817730427
0.942944765 -0.015143885 -0.332604706 -0.195690185 -0.018927019 0.994911551 -0.098958209 -0.032782119 0.332410872 0.099607334 0.937860012 0.850243509
0.941215217 -0.012151564 -0.337588876 -0.207223266 -0.023962928 0.994433522 -0.102604680 -0.035633333 0.336956501 0.104662701 0.935684800 0.880783200
0.939550757 -0.010746131 -0.342241049 -0.220320851 -0.026620036 0.994189918 -0.104296580 -0.039217070 0.341373384 0.107102394 0.933805823 0.913851619
0.937240720 -0.011580892 -0.348490626 -0.231379405 -0.026011549 0.994341195 -0.102999732 -0.042939551 0.347711414 0.105600327 0.931635857 0.943901360
0.934767604 -0.010909731 -0.355092198 -0.244542062 -0.026949229 0.994470775 -0.101496682 -0.046569288 0.354236126 0.104445271 0.929305077 0.977771699
0.932415366 -0.010853353 -0.361225337 -0.257412851 -0.027013665 0.994659305 -0.099614680 -0.050348736 0.360377282 0.102640279 0.927142501 1.009376049
0.929312289 -0.009944908 -0.369160891 -0.271354020 -0.027710807 0.994941235 -0.096561141 -0.054039862 0.368253678 0.099965200 0.924335539 1.041915417
0.925962269 -0.007427394 -0.377542943 -0.285158426 -0.029237740 0.995394945 -0.091290906 -0.057377603 0.376482397 0.095570438 0.921481013 1.075272322
0.922533870 -0.003888284 -0.385896564 -0.300614178 -0.031679805 0.995811343 -0.085768305 -0.061157566 0.384613663 0.091349289 0.918546498 1.108537674
0.918776751 -0.001073253 -0.394776076 -0.315166831 -0.034002710 0.996064961 -0.081843697 -0.064543217 0.393310457 0.088619538 0.915124834 1.143632650
0.914952993 0.000452540 -0.403560221 -0.331130713 -0.035740659 0.996160805 -0.079914264 -0.067872785 0.401974708 0.087541305 0.911456466 1.177393556
0.910737574 -0.000025699 -0.412985533 -0.347005188 -0.035983615 0.996191978 -0.079414979 -0.071496822 0.411414921 0.087186918 0.907268524 1.213503242
0.906912029 -0.000482759 -0.421319753 -0.363360584 -0.035536639 0.996348202 -0.077636056 -0.074832760 0.419818670 0.085381366 0.903583050 1.247417927
0.902957141 0.000625054 -0.429730177 -0.381679267 -0.036861915 0.996425807 -0.076005623 -0.078430779 0.428146720 0.084470496 0.899752796 1.285427451
0.899228454 0.000622966 -0.437478930 -0.399599999 -0.036675550 0.996586084 -0.073966667 -0.081581064 0.435939342 0.082557708 0.896181405 1.320000172
0.895500660 0.000523677 -0.445059896 -0.417935699 -0.034907699 0.997001290 -0.069064334 -0.085259192 0.443689138 0.077383175 0.892833591 1.356355429
0.891100287 0.001005295 -0.453805327 -0.436793208 -0.033665489 0.997388542 -0.063896686 -0.088070922 0.452555984 0.072215937 0.888807058 1.396421075
0.887396455 0.000878975 -0.461006284 -0.455970436 -0.032184344 0.997676373 -0.060049828 -0.090638153 0.459882319 0.068125188 0.885362804 1.432343721
0.883463621 0.001241704 -0.468498170 -0.477040380 -0.032280773 0.997781217 -0.058228493 -0.093919836 0.467386365 0.066566236 0.881543517 1.472256422
0.879999936 -0.001386140 -0.474971771 -0.496956617 -0.029088583 0.997961402 -0.056806043 -0.096344151 0.474082232 0.063805573 0.878165662 1.509336591
0.876953721 0.000206800 -0.480574787 -0.519295096 -0.030491784 0.998008966 -0.055211999 -0.099054664 0.479606539 0.063071951 0.875213981 1.549224854
0.873965979 -0.000764081 -0.485986561 -0.539362311 -0.029194806 0.998110175 -0.054071255 -0.101790838 0.485109478 0.061444718 0.872292042 1.584986091
0.871195078 -0.001883396 -0.490933448 -0.562430859 -0.027687481 0.998212576 -0.052962840 -0.105967730 0.490155697 0.059733674 0.869585693 1.626077890
0.868757248 -0.004541781 -0.495217413 -0.584269345 -0.025761276 0.998189688 -0.054347560 -0.107239619 0.494567752 0.059972268 0.867067516 1.664695501
0.867805004 -0.003609069 -0.496891797 -0.606972098 -0.027032616 0.998149872 -0.054461427 -0.109864153 0.496169060 0.060694184 0.866101921 1.701550126
0.866989553 -0.002294039 -0.498321027 -0.633691013 -0.028217720 0.998158932 -0.053688850 -0.113416336 0.497526735 0.060609154 0.865328670 1.749456763
0.866884112 -0.001677200 -0.498506844 -0.657184660 -0.027935803 0.998259485 -0.051937878 -0.116093643 0.497726321 0.058950312 0.865328491 1.788727760
0.866652131 -0.002999141 -0.498903900 -0.685422599 -0.026385937 0.998306930 -0.051836625 -0.119578160 0.498214662 0.058088370 0.865105689 1.834430456
0.865449548 -0.006153665 -0.500958323 -0.707132339 -0.023016293 0.998380423 -0.052026562 -0.122350357 0.500467122 0.056556568 0.863906264 1.877595425
0.864395201 -0.007988475 -0.502749562 -0.731972754 -0.021003099 0.998427451 -0.051975958 -0.125256002 0.502374172 0.055487067 0.862868071 1.919677973
0.862766862 -0.008012745 -0.505538404 -0.758652091 -0.020334493 0.998515546 -0.050529849 -0.128295764 0.505192816 0.053875349 0.861323237 1.964565873
0.860692739 -0.006881189 -0.509078205 -0.784814179 -0.019889012 0.998690963 -0.047125395 -0.130674571 0.508736074 0.050685547 0.859429240 2.006961584
0.857680559 -0.007942751 -0.514121532 -0.812500179 -0.016474258 0.998942852 -0.042915937 -0.134196162 0.513918877 0.045277935 0.856643081 2.054075718
0.853765428 -0.008361808 -0.520590723 -0.839009702 -0.015229019 0.999042153 -0.041022267 -0.136676833 0.520435095 0.042951480 0.852820337 2.095845699
0.848242402 -0.010483111 -0.529504478 -0.866668105 -0.014384522 0.998979211 -0.042821113 -0.140621468 0.529412866 0.043939352 0.847225666 2.141771078
0.842561781 -0.014155931 -0.538413703 -0.894963443 -0.012586999 0.998863995 -0.045959406 -0.143644258 0.538452685 0.045500651 0.841426432 2.183576107
0.835612655 -0.014762039 -0.549120784 -0.922980011 -0.012301329 0.998885274 -0.045572363 -0.145938993 0.549181402 0.044835757 0.834499598 2.229503870
0.830061257 -0.010618901 -0.557571113 -0.952759147 -0.014522761 0.999068022 -0.040647347 -0.148643196 0.557483077 0.041837260 0.829133451 2.271181345
0.824363053 -0.006193810 -0.566027582 -0.983831823 -0.017297653 0.999197543 -0.036126133 -0.151505917 0.565797091 0.039571997 0.823594391 2.318177223
0.820079863 -0.007119390 -0.572204769 -1.012464643 -0.018187661 0.999093175 -0.038497176 -0.153447300 0.571959972 0.041977823 0.819206715 2.359065771
0.816461682 -0.009105392 -0.577327847 -1.041539788 -0.018665276 0.998936892 -0.042151432 -0.156679913 0.577097833 0.045191012 0.815423727 2.399491787
0.813257575 -0.011599953 -0.581788301 -1.071357608 -0.020789837 0.998583794 -0.048971456 -0.159372434 0.581532419 0.051921688 0.811864614 2.442109585
0.810025930 -0.012618483 -0.586258233 -1.101233482 -0.020944586 0.998507917 -0.050430533 -0.162385136 0.586019874 0.053128976 0.808553040 2.483801365
0.806597531 -0.011122098 -0.590996385 -1.131563425 -0.020287266 0.998713017 -0.046483271 -0.165013388 0.590752780 0.049482994 0.805333853 2.523921490
0.803644836 -0.008916481 -0.595042408 -1.162595510 -0.019707946 0.998940527 -0.041585647 -0.167697638 0.594782829 0.045147154 0.802617669 2.564643383
0.800414264 -0.006902307 -0.599407494 -1.193452954 -0.020445935 0.999037564 -0.038806457 -0.169927463 0.599098444 0.043316692 0.799502790 2.605587482
0.797571838 -0.006441195 -0.603189647 -1.225523472 -0.021654449 0.998992741 -0.039300557 -0.172614798 0.602835238 0.044406757 0.796629012 2.646313429
0.793547869 -0.008139001 -0.608453333 -1.255242825 -0.021316502 0.998925030 -0.041163247 -0.174686119 0.608134329 0.045635104 0.792521358 2.686019897
0.789599657 -0.010911635 -0.613525271 -1.287834167 -0.020259516 0.998833179 -0.043838147 -0.177640259 0.613287747 0.047044314 0.788457334 2.727342844
0.784990728 -0.012267823 -0.619386077 -1.317812324 -0.018983493 0.998858035 -0.043842897 -0.180521131 0.619216621 0.046174377 0.783861399 2.765753746
0.780367136 -0.012042645 -0.625205636 -1.350035310 -0.018813107 0.998909831 -0.042722978 -0.183507025 0.625038564 0.045101669 0.779289842 2.805783749
0.775584579 -0.011757815 -0.631134152 -1.383673787 -0.019282462 0.998918653 -0.042305242 -0.186146140 0.630949140 0.044981115 0.774519205 2.845906496
0.769955933 -0.013022023 -0.637964189 -1.415409327 -0.019236462 0.998863637 -0.043605037 -0.188552409 0.637807071 0.045846127 0.768830478 2.884698629
0.764450192 -0.014705583 -0.644515038 -1.448855519 -0.018064059 0.998858690 -0.044215992 -0.191486001 0.644429684 0.045443479 0.763312042 2.924184561
0.758614182 -0.015960120 -0.651344657 -1.482032299 -0.017701056 0.998826087 -0.045090806 -0.194282725 0.651299715 0.045736011 0.757441044 2.962727070
0.753254116 -0.017115723 -0.657506883 -1.516455173 -0.017778940 0.998766243 -0.046367068 -0.197116643 0.657489300 0.046615958 0.752020478 3.000813723
0.747093678 -0.018876664 -0.664450645 -1.550566435 -0.016702853 0.998747945 -0.047154184 -0.200219974 0.664508879 0.046326820 0.745843053 3.038867950
0.740715802 -0.020295449 -0.671511889 -1.584591985 -0.015460840 0.998763919 -0.047240343 -0.203061238 0.671640575 0.045373809 0.739486456 3.077026367
0.734206200 -0.019889636 -0.678635120 -1.619473100 -0.014941690 0.998855352 -0.045439962 -0.206206366 0.678762078 0.043502260 0.733068645 3.115089178
0.727824330 -0.020459529 -0.685458362 -1.656254888 -0.014095612 0.998897314 -0.044781856 -0.209057629 0.685618758 0.042255279 0.726733446 3.153112173
0.720842838 -0.022600681 -0.692729950 -1.691596270 -0.012320846 0.998892426 -0.045410253 -0.211966470 0.692988992 0.041268677 0.719766021 3.190589905
0.714199066 -0.024398275 -0.699517250 -1.728242278 -0.011936010 0.998822451 -0.047024187 -0.214952230 0.699840844 0.041934077 0.713066816 3.228144407
0.708145380 -0.023936283 -0.705660820 -1.765809298 -0.013268016 0.998797596 -0.047194332 -0.217528135 0.705941975 0.042783167 0.706976354 3.265640736
0.702658296 -0.023700150 -0.711132586 -1.803320169 -0.013063454 0.998846948 -0.046196684 -0.220549434 0.711407483 0.041750334 0.701538563 3.302084446
0.697545052 -0.023212630 -0.716164887 -1.841743946 -0.013957132 0.998845339 -0.045969244 -0.223581001 0.716405034 0.042061225 0.696415663 3.339125395
0.692538321 -0.024122331 -0.720977664 -1.880358577 -0.014253733 0.998788059 -0.047108743 -0.226487920 0.721240282 0.042901233 0.691355169 3.375945091
0.687389135 -0.026040660 -0.725822389 -1.918931365 -0.014831675 0.998645306 -0.049875170 -0.229530677 0.726137936 0.045048811 0.686071694 3.411924362
0.682205677 -0.028625136 -0.730599761 -1.958598375 -0.014240463 0.998523593 -0.052419670 -0.232726067 0.731021643 0.046165075 0.680790782 3.448562145
0.677145243 -0.029192086 -0.735270143 -1.998281479 -0.014591642 0.998483598 -0.053080466 -0.236019507 0.735704720 0.046671983 0.675692439 3.484832287
0.672455192 -0.028362781 -0.739594281 -2.039399385 -0.014751181 0.998553395 -0.051705737 -0.239528939 0.739990890 0.045679681 0.671064019 3.521152973
0.666813254 -0.029042378 -0.744658709 -2.079809189 -0.013004449 0.998634696 -0.050592661 -0.242656678 0.745111346 0.043419734 0.665525198 3.557838917
0.661776304 -0.029823540 -0.749108016 -2.121098995 -0.013031849 0.998599827 -0.051268917 -0.245978698 0.749588192 0.043690812 0.660461009 3.593768120
0.656818986 -0.030808363 -0.753418684 -2.162122011 -0.011958551 0.998613715 -0.051260028 -0.249331594 0.753953457 0.042678356 0.655540049 3.629619122
0.652126014 -0.031509779 -0.757455528 -2.203315735 -0.011001578 0.998637319 -0.051014557 -0.252576798 0.758030772 0.041601125 0.650890708 3.665478706
0.648383498 -0.032033712 -0.760639668 -2.246026754 -0.009884723 0.998675942 -0.050484337 -0.256188154 0.761249721 0.040251922 0.647208333 3.701256752
0.644328296 -0.035861008 -0.763907731 -2.286774635 -0.006215664 0.998621345 -0.052122131 -0.259110749 0.764723718 0.038331959 0.643217087 3.735079765
0.639670014 -0.039950233 -0.767610729 -2.329223871 -0.003484516 0.998487413 -0.054869931 -0.263061792 0.768641770 0.037773401 0.638563275 3.770828247
0.635161519 -0.044010423 -0.771124423 -2.370757818 0.000382612 0.998393118 -0.056666188 -0.266333997 0.772379220 0.035697140 0.634157717 3.804525375
0.627951741 -0.048193444 -0.776758730 -2.414798021 0.005913442 0.998347461 -0.057161182 -0.269764006 0.778229892 0.031301145 0.627198935 3.840927124
0.619724751 -0.051319782 -0.783139586 -2.457836628 0.010609209 0.998316348 -0.057025075 -0.274039328 0.784747601 0.027031364 0.619225860 3.874744177
0.610425115 -0.051780093 -0.790379703 -2.503300667 0.013382477 0.998392701 -0.055072106 -0.278226733 0.791960955 0.023040166 0.610136986 3.910184383
0.601982653 -0.050208986 -0.796929121 -2.546884298 0.013062816 0.998506844 -0.053041641 -0.281174928 0.798402309 0.021520009 0.601739645 3.942279816
0.593217969 -0.050050385 -0.803484559 -2.593547821 0.011814451 0.998499274 -0.053475484 -0.284528911 0.804955244 0.022229889 0.592918992 3.975841999
0.583528399 -0.051597085 -0.810451984 -2.638551235 0.011535198 0.998405516 -0.055257685 -0.287820846 0.812010825 0.022895703 0.583193123 4.007742882
0.573843837 -0.054090317 -0.817176580 -2.686850548 0.011781778 0.998258471 -0.057802957 -0.291075528 0.818880022 0.023542084 0.573481798 4.040515900
0.563739181 -0.055879548 -0.824060500 -2.732375860 0.012625306 0.998175204 -0.059049312 -0.294771463 0.825856388 0.022884402 0.563416004 4.071941376
0.553789258 -0.056399908 -0.830744565 -2.781177282 0.015133420 0.998220325 -0.057681765 -0.298620999 0.832519352 0.019371537 0.553657234 4.103796005
0.543135881 -0.056541517 -0.837738872 -2.826955557 0.016736457 0.998260915 -0.056524787 -0.302568316 0.839477956 0.016679857 0.543137610 4.133996010
0.532788873 -0.056831643 -0.844337761 -2.876915216 0.016819796 0.998256505 -0.056578260 -0.306977987 0.846081078 0.015942685 0.532815874 4.165226936
0.521971941 -0.058116201 -0.850980520 -2.925183058 0.016752051 0.998182178 -0.057893757 -0.310302705 0.852798164 0.015963249 0.521996617 4.195028305
0.512333155 -0.058117311 -0.856818140 -2.976774931 0.014567303 0.998152077 -0.058993399 -0.314209998 0.858663321 0.017742753 0.512233019 4.224849701
0.502496064 -0.059563734 -0.862525284 -3.024981737 0.013850166 0.998050570 -0.060853828 -0.317986250 0.864468575 0.018632693 0.502341509 4.252991676
0.492735386 -0.058972187 -0.868178725 -3.076374054 0.012566858 0.998079181 -0.060663529 -0.322530776 0.870088577 0.018980792 0.492529988 4.282585144
0.484005690 -0.056704324 -0.873225689 -3.126573086 0.011956707 0.998233676 -0.058194637 -0.326815069 0.874983191 0.017725633 0.483828783 4.309139252
0.474925458 -0.055180147 -0.878294408 -3.179990768 0.011884209 0.998343408 -0.056296188 -0.330742180 0.879945815 0.016298663 0.474794447 4.338630676
0.468078196 -0.055466946 -0.881944537 -3.230399609 0.012741691 0.998348057 -0.056025304 -0.334751129 0.883595169 0.014986757 0.468011737 4.364605904
0.459995449 -0.058492929 -0.885992587 -3.284387112 0.013803337 0.998178303 -0.058732890 -0.338760018 0.887814045 0.014787210 0.459964871 4.393074989
0.453092635 -0.061852936 -0.889315009 -3.334597349 0.017328637 0.998012662 -0.060584307 -0.342830002 0.891294956 0.012039687 0.453264058 4.418578148
0.446896851 -0.064412251 -0.892263651 -3.388331890 0.018168816 0.997852266 -0.062934682 -0.347510964 0.894401073 0.011913941 0.447107315 4.445234299
0.441228330 -0.067586347 -0.894846141 -3.439781904 0.019285364 0.997643709 -0.065841310 -0.351713479 0.897187650 0.011793621 0.441492140 4.471032143
0.436099648 -0.069023289 -0.897247434 -3.492413521 0.022761315 0.997581184 -0.065678798 -0.356300384 0.899610519 0.008219977 0.436615884 4.496620178
0.432210445 -0.065385275 -0.899399221 -3.546319008 0.023328258 0.997844815 -0.061331652 -0.361126721 0.901470959 0.005526768 0.432804286 4.522530556
0.427259922 -0.063663654 -0.901884675 -3.599570990 0.026361005 0.997970939 -0.057958048 -0.365434080 0.903744519 0.000988572 0.428071201 4.549064159
0.424473524 -0.062937506 -0.903250396 -3.651866913 0.027001640 0.998017430 -0.056851625 -0.369372159 0.905037701 -0.000257224 0.425331354 4.572888374
0.421863556 -0.062466212 -0.904504895 -3.702921867 0.028820081 0.998043537 -0.055484340 -0.373722285 0.906201184 -0.002661086 0.422838449 4.596451759
0.419082463 -0.061688431 -0.905850172 -3.754482746 0.031090848 0.998079121 -0.053585362 -0.377934724 0.907415807 -0.005706960 0.420195401 4.620944023
0.415744007 -0.061065707 -0.907429278 -3.806713581 0.032834698 0.998100698 -0.052124057 -0.381237715 0.908888757 -0.008124901 0.416959465 4.645427704
0.413790286 -0.062161647 -0.908247590 -3.859151840 0.035022147 0.998014510 -0.052349612 -0.384884834 0.909698427 -0.010147014 0.415145755 4.668574810
0.410877347 -0.062711738 -0.909531295 -3.909490347 0.037588708 0.997948408 -0.051827494 -0.388520360 0.910915434 -0.012893359 0.412391663 4.692009449
0.408766568 -0.061435092 -0.910568774 -3.959914207 0.040520161 0.997969508 -0.049141876 -0.392296851 0.911738932 -0.016808836 0.410425961 4.714096069
0.406892657 -0.061049167 -0.911433697 -4.010331154 0.042523373 0.997948468 -0.047860287 -0.395516813 0.912485719 -0.019283235 0.408653915 4.736295700
0.405494571 -0.061756082 -0.912009001 -4.059890270 0.044729680 0.997860551 -0.047681894 -0.399695069 0.913002491 -0.021459116 0.407389402 4.758799553
0.403185368 -0.063684128 -0.912899733 -4.109084129 0.047232598 0.997694135 -0.048738964 -0.402626157 0.913898587 -0.023467788 0.405263662 4.780746460
0.403004885 -0.064475678 -0.912923872 -4.157020092 0.046444017 0.997670829 -0.049958535 -0.406281203 0.914018631 -0.022266315 0.405060709 4.801332474
0.403035939 -0.065036163 -0.912870347 -4.203760147 0.045416016 0.997664154 -0.051025819 -0.409813702 0.914056540 -0.020893697 0.405048192 4.822392464
0.405852020 -0.065083809 -0.911618531 -4.251162529 0.043331876 0.997709751 -0.051938858 -0.413047493 0.912911057 -0.018422652 0.407742679 4.842622757
0.410057604 -0.065240324 -0.909723282 -4.297314167 0.041549385 0.997739077 -0.052823953 -0.416602045 0.911112726 -0.016137578 0.411841214 4.863262177
0.415459216 -0.065790944 -0.907229424 -4.343250751 0.040244401 0.997733712 -0.053924546 -0.420109063 0.908721089 -0.014107452 0.417165339 4.883997440
0.421044409 -0.066088870 -0.904629230 -4.389195919 0.040258154 0.997720778 -0.054152321 -0.423615813 0.906146288 -0.013618160 0.422745407 4.905233383
0.427501082 -0.064889573 -0.901682973 -4.433732510 0.038799249 0.997818470 -0.053412672 -0.426926494 0.903181851 -0.012150649 0.429086089 4.926536083
0.435828149 -0.063509092 -0.897786438 -4.478813171 0.037388492 0.997923791 -0.052442621 -0.430236161 0.899253011 -0.010710906 0.437297821 4.947849274
0.445141315 -0.062429912 -0.893281400 -4.522960663 0.036400825 0.998003721 -0.051609464 -0.433657050 0.894720137 -0.009542675 0.446525216 4.969271660
0.454314590 -0.061602563 -0.888708830 -4.566846848 0.035320770 0.998067379 -0.051126722 -0.436998546 0.890140831 -0.008162268 0.455612421 4.991675854
0.464051783 -0.062523670 -0.883598745 -4.610240459 0.034699466 0.998023331 -0.052396785 -0.440182924 0.885128140 -0.006345583 0.465304017 5.014483452
0.474375784 -0.063969553 -0.877995193 -4.653397083 0.032150868 0.997949898 -0.055338368 -0.443272352 0.879735172 -0.001977129 0.475459933 5.037453651
0.486019611 -0.064469784 -0.871566713 -4.694587708 0.030008202 0.997918367 -0.057082269 -0.446687579 0.873432577 0.001588951 0.486942530 5.060090065
0.498247325 -0.062965140 -0.864745617 -4.736313343 0.028469240 0.998009861 -0.056265224 -0.450145990 0.866567433 0.003415350 0.499048352 5.083959579
0.511488020 -0.060318157 -0.857170761 -4.777306557 0.026846657 0.998168051 -0.054220133 -0.453514606 0.858870924 0.004720781 0.512170315 5.107573509
0.524163842 -0.058237460 -0.849623859 -4.817676067 0.026269058 0.998289943 -0.052221440 -0.456676722 0.851212263 0.005053771 0.524797320 5.131920815
0.536479592 -0.057110243 -0.841978669 -4.857894421 0.025556266 0.998349369 -0.051433086 -0.459800363 0.843526244 0.006074972 0.537053645 5.156638145
0.547696590 -0.057195425 -0.834719777 -4.897101402 0.025781134 0.998340666 -0.051490664 -0.463258862 0.836279690 0.006681242 0.548262358 5.182485580
0.558906317 -0.058106717 -0.827192426 -4.935609341 0.025908651 0.998278499 -0.052619163 -0.466414213 0.828825951 0.007977744 0.559449613 5.207924366
0.570458412 -0.059372358 -0.819177687 -4.973853588 0.028035231 0.998210192 -0.052825116 -0.469747186 0.820847869 0.007168695 0.571101904 5.233628273
0.581294894 -0.058928546 -0.811556339 -5.011309624 0.028412918 0.998235881 -0.052132312 -0.473184049 0.813196778 0.007245565 0.581943750 5.260401726
0.592349231 -0.056207404 -0.803718269 -5.048323631 0.027401134 0.998391867 -0.049626809 -0.476340950 0.805215240 0.007373610 0.592936814 5.286725044
0.602493882 -0.053641319 -0.796318948 -5.084367275 0.027564716 0.998542190 -0.046407975 -0.479164630 0.797647417 0.006010221 0.603094161 5.313697815
0.612582922 -0.052480508 -0.788662136 -5.119913578 0.026790746 0.998598576 -0.045641098 -0.481799275 0.789952159 0.006830107 0.613130450 5.340672493
0.622907996 -0.052019712 -0.780563653 -5.154714584 0.024801888 0.998598278 -0.046757881 -0.484579504 0.781901836 0.009766407 0.623324990 5.367743969
0.632271051 -0.051627375 -0.773025215 -5.188645363 0.023187229 0.998591244 -0.047726821 -0.487403393 0.774400234 0.012251982 0.632577479 5.395318031
0.641644955 -0.050926831 -0.765309215 -5.222276688 0.022989498 0.998621941 -0.047177728 -0.490238428 0.766657174 0.012677279 0.641931534 5.423086166
0.650944114 -0.049127474 -0.757534325 -5.255054474 0.022678860 0.998716831 -0.045280810 -0.492720634 0.758786857 0.012295261 0.651222944 5.451252937
0.659677625 -0.046989162 -0.750078321 -5.286934853 0.022514626 0.998831153 -0.042771332 -0.495423317 0.751211345 0.011327560 0.659964561 5.479078770
0.667905331 -0.046762757 -0.742775738 -5.317652225 0.023170756 0.998846829 -0.042048980 -0.497823894 0.743885517 0.010874067 0.668218672 5.506663322
0.676042080 -0.045788798 -0.735438943 -5.348836422 0.021760823 0.998872757 -0.042186979 -0.500152349 0.736541629 0.012516421 0.676276445 5.534610748
0.683417916 -0.045055550 -0.728635669 -5.379414558 0.021297943 0.998899341 -0.041791208 -0.502571523 0.729716599 0.013042421 0.683625340 5.563114643
0.690843940 -0.042221721 -0.721770048 -5.409105778 0.020559985 0.999036908 -0.038762093 -0.504912376 0.722711504 0.011938976 0.691046715 5.591193199
0.698322952 -0.039088391 -0.714714766 -5.439002037 0.018956272 0.999167502 -0.036123853 -0.507121205 0.715531826 0.011677790 0.698482573 5.619991302
0.705798626 -0.037361808 -0.707426667 -5.467657566 0.017808920 0.999228477 -0.035005003 -0.509327650 0.708188713 0.012107977 0.705919385 5.648195267
0.713528156 -0.036720239 -0.699663639 -5.494688988 0.017550135 0.999249041 -0.034545381 -0.511495113 0.700406730 0.012369911 0.713636756 5.675425529
0.721380353 -0.033897661 -0.691709042 -5.521966934 0.015049020 0.999332786 -0.033278409 -0.513500333 0.692375600 0.013596848 0.721409142 5.703728676
0.730678558 -0.031229554 -0.682007074 -5.548409939 0.014281628 0.999433815 -0.030463899 -0.515312910 0.682572305 0.012519145 0.730710864 5.731484413
0.740296364 -0.027122336 -0.671733320 -5.574710369 0.012164415 0.999562681 -0.026952965 -0.517104030 0.672170579 0.011781942 0.740302563 5.759953499
0.750509143 -0.025144724 -0.660381615 -5.599876881 0.010600409 0.999605358 -0.026013898 -0.518834949 0.660775125 0.012523354 0.750479519 5.788247585
0.760750353 -0.024237582 -0.648591936 -5.624908447 0.008758662 0.999594867 -0.027081141 -0.520552337 0.648985505 0.014921191 0.760654449 5.817210197
0.770753264 -0.025715929 -0.636614621 -5.647912502 0.009159138 0.999529064 -0.029286766 -0.521426380 0.637067974 0.016742030 0.770625830 5.844773293
0.780668497 -0.025008390 -0.624444783 -5.671469688 0.009108554 0.999548197 -0.028643571 -0.523324788 0.624878943 0.016673345 0.780543566 5.874339104
0.791029513 -0.023150768 -0.611339808 -5.694383144 0.008502897 0.999603271 -0.026851749 -0.525153041 0.611718893 0.016042368 0.790912509 5.904240608
0.801274657 -0.020732146 -0.597937346 -5.715340614 0.008101305 0.999683797 -0.023805538 -0.526566863 0.598241806 0.014230702 0.801189244 5.931594849
0.811215520 -0.019253518 -0.584430277 -5.737497330 0.008203847 0.999734163 -0.021548016 -0.527837574 0.584689736 0.012685508 0.811157823 5.961799145
0.820488930 -0.017973617 -0.571379781 -5.758068562 0.008888772 0.999785900 -0.018685700 -0.529126108 0.571593285 0.010252547 0.820473075 5.990698338
0.828844309 -0.017101491 -0.559217870 -5.779735088 0.009455447 0.999818146 -0.016561141 -0.530222595 0.559399366 0.008438953 0.828855276 6.022511482
0.836039066 -0.017733200 -0.548383296 -5.798654556 0.011424027 0.999823511 -0.014915001 -0.531639457 0.548550963 0.006204778 0.836094141 6.051627636
0.842708409 -0.017399812 -0.538089037 -5.818597794 0.011099300 0.999826670 -0.014947939 -0.532160223 0.538255870 0.006624342 0.842755437 6.083580971
0.849641383 -0.016627716 -0.527098656 -5.838113785 0.010556674 0.999838769 -0.014524127 -0.533711851 0.527255177 0.006775890 0.849679947 6.113818169
0.856532276 -0.014751894 -0.515882552 -5.857964516 0.008844320 0.999864161 -0.013907130 -0.534452558 0.516017675 0.007349276 0.856546402 6.146072388
0.862969935 -0.013302078 -0.505080104 -5.875767708 0.007766480 0.999884486 -0.013063875 -0.535759389 0.505195558 0.007351038 0.862973571 6.176359653
0.868892789 -0.014493826 -0.494788200 -5.894696236 0.009227116 0.999871790 -0.013085588 -0.536871314 0.494914412 0.006804506 0.868915081 6.209604263
0.874027371 -0.015580821 -0.485626787 -5.912810802 0.009839402 0.999848306 -0.014370194 -0.537625074 0.485777020 0.007781667 0.874048114 6.241961956
0.878496170 -0.015597180 -0.477494717 -5.930934906 0.009823580 0.999845386 -0.014586112 -0.538778782 0.477648377 0.008123137 0.878513575 6.275458813
0.882146657 -0.015092624 -0.470732927 -5.949264050 0.009651129 0.999855816 -0.013971270 -0.539588809 0.470875949 0.007781605 0.882165134 6.308492184
0.885645092 -0.012746806 -0.464187771 -5.967833519 0.008742931 0.999903679 -0.010776770 -0.540347576 0.464280456 0.005486033 0.885671258 6.343396664
0.888514757 -0.008986543 -0.458760083 -5.984279633 0.006856954 0.999956608 -0.006307542 -0.541257262 0.458796859 0.002458647 0.888537765 6.375940323
0.892007113 -0.006365627 -0.451976508 -6.001910686 0.005535777 0.999979675 -0.003158449 -0.542350888 0.451987445 0.000315318 0.892024279 6.410549641
0.895255923 -0.003624809 -0.445537597 -6.020472050 0.003437346 0.999993324 -0.001228809 -0.542438865 0.445539087 -0.000431369 0.895262361 6.446977139
0.898541272 -0.001960076 -0.438884646 -6.037984848 0.002606418 0.999996245 0.000870172 -0.542722762 0.438881278 -0.001925802 0.898543000 6.483419418
0.901980102 -0.000651040 -0.431777149 -6.057037354 0.002485424 0.999990106 0.003684236 -0.542993486 0.431770504 -0.004396257 0.901972771 6.521434307
0.905463636 -0.001234156 -0.424422055 -6.075035572 0.003895688 0.999977827 0.005403289 -0.542943716 0.424405962 -0.006545897 0.905448377 6.559859753
0.909139991 -0.001137762 -0.416489184 -6.092492104 0.004252731 0.999969482 0.006551432 -0.543407619 0.416469008 -0.007727385 0.909117103 6.597263813
0.912851572 -0.001438630 -0.408289045 -6.109342575 0.004632269 0.999965906 0.006833378 -0.543632269 0.408265293 -0.008129165 0.912827134 6.635723591
0.916705012 -0.003473350 -0.399549603 -6.127324581 0.006460082 0.999960363 0.006128843 -0.543763280 0.399512470 -0.008199465 0.916691065 6.676710129
0.920876145 -0.004922191 -0.389824271 -6.145259857 0.007386941 0.999961078 0.004823861 -0.543957531 0.389785349 -0.007321787 0.920876622 6.718471527
0.925333619 -0.006719340 -0.379094392 -6.161536694 0.008373085 0.999961257 0.002713884 -0.543949962 0.379061460 -0.005685437 0.925354004 6.758481503
0.930745840 -0.004348291 -0.365640998 -6.178484917 0.005479848 0.999982893 0.002057016 -0.544448793 0.365625799 -0.003918216 0.930753708 6.800521374
0.936847806 -0.000880387 -0.349736124 -6.194715977 0.002096549 0.999993026 0.003098811 -0.544436157 0.349730939 -0.003636353 0.936843157 6.842462540
0.943536699 0.003191854 -0.331252724 -6.210896492 -0.001134017 0.999978840 0.006405380 -0.545243442 0.331266165 -0.005668065 0.943520308 6.887556076
0.950325251 0.005859177 -0.311203539 -6.224945545 -0.003704284 0.999964893 0.007515008 -0.544685900 0.311236650 -0.005988915 0.950313568 6.928739548
0.956950605 0.007501679 -0.290153801 -6.238925934 -0.005336082 0.999951720 0.008254067 -0.544964373 0.290201694 -0.006350451 0.956944406 6.974382877
0.963186562 0.008803042 -0.268689662 -6.252608299 -0.006331649 0.999929309 0.010063135 -0.545306087 0.268759251 -0.007991428 0.963174224 7.020090103
0.968897521 0.009609399 -0.247275665 -6.263558388 -0.006716668 0.999898791 0.012539303 -0.544685960 0.247371137 -0.010488431 0.968864024 7.066025734
0.974261463 0.012639277 -0.225066379 -6.276150703 -0.009072544 0.999816477 0.016874693 -0.545520067 0.225238353 -0.014398438 0.974197268 7.116477013
0.979158878 0.014546527 -0.202574119 -6.286841393 -0.010626134 0.999734879 0.020427072 -0.544666469 0.202817559 -0.017848769 0.979053855 7.163068771
0.983542681 0.016849041 -0.179888532 -6.297727585 -0.012785827 0.999636829 0.023723103 -0.544119656 0.180222914 -0.021032661 0.983400881 7.214660168
0.987279594 0.018202689 -0.157948405 -6.305688381 -0.014671235 0.999616265 0.023495603 -0.543362856 0.158315480 -0.020879431 0.987167776 7.263036728
0.990582466 0.017427566 -0.135803550 -6.312809944 -0.014656378 0.999664009 0.021379117 -0.542706788 0.136130497 -0.019187391 0.990505099 7.313251019
0.993248880 0.017498195 -0.114675619 -6.319738388 -0.015270827 0.999677837 0.020273060 -0.542234540 0.114993416 -0.018385002 0.993196130 7.365596771
0.995389342 0.017122092 -0.094376415 -6.325478554 -0.015065258 0.999634147 0.022463556 -0.541885197 0.094726510 -0.020938179 0.995283127 7.416907787
0.997064471 0.017734354 -0.074484371 -6.329796314 -0.015977141 0.999581337 0.024121728 -0.541252553 0.074880973 -0.022860872 0.996930420 7.470665455
0.998409033 0.018386858 -0.053304624 -6.334762573 -0.017069789 0.999540210 0.025059246 -0.540474117 0.053740878 -0.024109477 0.998263836 7.523592472
0.999264300 0.020133330 -0.032642845 -6.338601112 -0.019309379 0.999491811 0.025363112 -0.539131284 0.033136901 -0.024714140 0.999145210 7.582236290
0.999713719 0.020886904 -0.011670863 -6.340328693 -0.020580238 0.999455094 0.025805827 -0.538464010 0.012203508 -0.025558252 0.999598861 7.635722637
0.999693096 0.023018437 0.009157915 -6.341489315 -0.023243098 0.999411345 0.025232324 -0.537283599 -0.008571715 -0.025437439 0.999639690 7.694870949
0.999293983 0.024063548 0.028851915 -6.338796616 -0.024762345 0.999402523 0.024112532 -0.537204385 -0.028254444 -0.024809949 0.999292850 7.747432709
0.998539627 0.024354972 0.048223160 -6.336677551 -0.025414817 0.999446034 0.021488046 -0.536493301 -0.047673102 -0.022682248 0.998605430 7.805133343
0.997384667 0.026997408 0.067044467 -6.332944870 -0.028336659 0.999415815 0.019105406 -0.536520422 -0.066489503 -0.020955255 0.997567058 7.859754086
0.995935619 0.027267532 0.085841253 -6.327147961 -0.028879017 0.999428213 0.017587125 -0.535876393 -0.085312612 -0.019994656 0.996153593 7.918704987
0.994123101 0.026919130 0.104855120 -6.322157383 -0.028574768 0.999489069 0.014319383 -0.536402285 -0.104416080 -0.017231440 0.994384408 7.976105213
0.991899550 0.028088601 0.123880237 -6.316719532 -0.029410085 0.999528229 0.008851286 -0.535746574 -0.123573177 -0.012422915 0.992257714 8.034931183
0.989445984 0.029745774 0.141816154 -6.308699131 -0.030417625 0.999533951 0.002571533 -0.536146045 -0.141673580 -0.006858103 0.989889681 8.095827103
0.986706316 0.032138783 0.159304082 -6.299987793 -0.032083739 0.999480903 -0.002918155 -0.537196338 -0.159315184 -0.002231709 0.987225235 8.154740334
0.983726084 0.034102555 0.176408544 -6.288937569 -0.033329960 0.999417424 -0.007341690 -0.537772000 -0.176556140 0.001342522 0.984289646 8.216333389
0.980208218 0.036371034 0.194599479 -6.279173374 -0.035076927 0.999333620 -0.010093071 -0.538734198 -0.194836900 0.003067360 0.980830848 8.275633812
0.976662874 0.035543568 0.211816698 -6.265711784 -0.034212090 0.999365091 -0.009948822 -0.539464355 -0.212035820 0.002469953 0.977258801 8.336183548
0.972752571 0.034964230 0.229194149 -6.252994537 -0.033377379 0.999384463 -0.010797748 -0.541529298 -0.229430616 0.002853638 0.973320842 8.397022247
0.968600035 0.035423193 0.246087626 -6.237838745 -0.032521728 0.999345422 -0.015845805 -0.543417096 -0.246487856 0.007345053 0.969118059 8.457372665
0.964285612 0.036051344 0.262399673 -6.222159863 -0.031770535 0.999284089 -0.020539906 -0.544241488 -0.262952328 0.011469757 0.964740634 8.520486832
0.959469914 0.038483083 0.279171109 -6.203780174 -0.033996433 0.999203444 -0.020897131 -0.545849442 -0.279752940 0.010559347 0.960013986 8.585007668
0.954091966 0.040365506 0.296781242 -6.186556339 -0.035531681 0.999133646 -0.021665933 -0.547788680 -0.297398686 0.010126158 0.954699695 8.645293236
0.948216558 0.044689626 0.314464957 -6.167037964 -0.039037351 0.998943388 -0.024252448 -0.550517738 -0.315216511 0.010720696 0.948959231 8.706789970
0.942278147 0.045354560 0.331745118 -6.145956993 -0.037948895 0.998865426 -0.028771142 -0.552397430 -0.332673639 0.014521059 0.942930222 8.770564079
0.935886323 0.046829637 0.349175841 -6.123349190 -0.038394790 0.998780370 -0.031042701 -0.555420756 -0.350203693 0.015645906 0.936542869 8.832865715
0.929290056 0.046598654 0.366399378 -6.100039005 -0.035597991 0.998691082 -0.036727138 -0.557821751 -0.367631227 0.021087084 0.929732561 8.897773743
0.921465814 0.049849853 0.385247737 -6.074545383 -0.036077578 0.998427749 -0.042900246 -0.560919523 -0.386780590 0.025632307 0.921815515 8.960736275
0.912103295 0.053385142 0.406469673 -6.049643517 -0.037671700 0.998204470 -0.046568803 -0.564300239 -0.408225924 0.027163157 0.912476718 9.020369530
0.900963664 0.056694966 0.430174559 -6.022004604 -0.039784130 0.998044431 -0.048213083 -0.567885399 -0.432066768 0.026324121 0.901457369 9.081354141
0.888289869 0.061218329 0.455185086 -5.991655827 -0.042698789 0.997792184 -0.050867811 -0.572052360 -0.457294166 0.025749508 0.888942599 9.144891739
0.874687076 0.065703578 0.480214059 -5.959278107 -0.045260198 0.997512400 -0.054041788 -0.576921105 -0.482570231 0.025535071 0.875485003 9.206418991
0.860630155 0.068640202 0.504583359 -5.926631927 -0.045847151 0.997294128 -0.057467274 -0.580947578 -0.507162571 0.026324360 0.861448288 9.266893387
0.846072257 0.070608586 0.528371274 -5.890864372 -0.045665294 0.997145474 -0.060129873 -0.585629523 -0.531108677 0.026745996 0.846881509 9.326561928
0.831068814 0.071918011 0.551500142 -5.854137897 -0.044805840 0.997038782 -0.062499177 -0.590660989 -0.554361820 0.027230691 0.831830144 9.384716034
0.815590620 0.074257910 0.573844731 -5.813525200 -0.043113824 0.996773064 -0.067710049 -0.595942497 -0.577021003 0.030483041 0.816160262 9.443539619
0.799535751 0.076716967 0.595698774 -5.775081158 -0.041275308 0.996482372 -0.072932877 -0.601439714 -0.599198520 0.033724792 0.799889863 9.499708176
0.784106076 0.078208551 0.615679383 -5.730361938 -0.039230559 0.996290267 -0.076594241 -0.606869578 -0.619385660 0.035904564 0.784265399 9.555645943
